scorer,DLC_resnet152_t-rest-colorJul19shuffle1_750000,DLC_resnet152_t-rest-colorJul19shuffle1_750000,DLC_resnet152_t-rest-colorJul19shuffle1_750000,DLC_resnet152_t-rest-colorJul19shuffle1_750000,DLC_resnet152_t-rest-colorJul19shuffle1_750000,DLC_resnet152_t-rest-colorJul19shuffle1_750000,DLC_resnet152_t-rest-colorJul19shuffle1_750000,DLC_resnet152_t-rest-colorJul19shuffle1_750000,DLC_resnet152_t-rest-colorJul19shuffle1_750000,DLC_resnet152_t-rest-colorJul19shuffle1_750000,DLC_resnet152_t-rest-colorJul19shuffle1_750000,DLC_resnet152_t-rest-colorJul19shuffle1_750000,DLC_resnet152_t-rest-colorJul19shuffle1_750000,DLC_resnet152_t-rest-colorJul19shuffle1_750000,DLC_resnet152_t-rest-colorJul19shuffle1_750000,DLC_resnet152_t-rest-colorJul19shuffle1_750000,DLC_resnet152_t-rest-colorJul19shuffle1_750000,DLC_resnet152_t-rest-colorJul19shuffle1_750000,DLC_resnet152_t-rest-colorJul19shuffle1_750000,DLC_resnet152_t-rest-colorJul19shuffle1_750000,DLC_resnet152_t-rest-colorJul19shuffle1_750000,DLC_resnet152_t-rest-colorJul19shuffle1_750000,DLC_resnet152_t-rest-colorJul19shuffle1_750000,DLC_resnet152_t-rest-colorJul19shuffle1_750000
bodyparts,base2,base2,base2,base3,base3,base3,base4,base4,base4,base5,base5,base5,tip2,tip2,tip2,tip3,tip3,tip3,tip4,tip4,tip4,tip5,tip5,tip5
coords,x,y,likelihood,x,y,likelihood,x,y,likelihood,x,y,likelihood,x,y,likelihood,x,y,likelihood,x,y,likelihood,x,y,likelihood
0,494.4201354980469,478.8673400878906,0.9999487400054932,513.7688598632812,482.6351623535156,0.9999769926071167,533.4752197265625,495.4473876953125,0.9999489784240723,555.2260131835938,520.929443359375,0.9999406337738037,515.9933471679688,373.0248718261719,0.9999910593032837,542.7827758789062,358.6732482910156,0.9999736547470093,570.684326171875,377.3332214355469,0.9998327493667603,604.6118774414062,447.26837158203125,0.9998934268951416
1,497.7231140136719,481.4727478027344,0.9999315738677979,518.1751098632812,483.8044128417969,0.9999730587005615,538.5435791015625,496.12744140625,0.9999330043792725,561.0692749023438,521.2232666015625,0.9999450445175171,521.6680297851562,373.2350158691406,0.9999935626983643,550.77001953125,360.1484069824219,0.9999797344207764,577.4838256835938,377.3858947753906,0.9999669790267944,611.1839599609375,448.84222412109375,0.9999189376831055
2,503.4847717285156,481.51788330078125,0.9999246597290039,522.1530151367188,485.4984436035156,0.9999723434448242,542.9251708984375,498.4392395019531,0.9999027252197266,564.0692749023438,523.2001953125,0.9998687505722046,525.9226684570312,373.923828125,0.9999892711639404,554.66015625,361.13702392578125,0.9999706745147705,580.1395263671875,377.9583740234375,0.9999648332595825,615.1580200195312,449.7872619628906,0.9999459981918335
3,506.105224609375,481.51788330078125,0.9999639987945557,524.298583984375,484.2527160644531,0.9999865293502808,544.0664672851562,496.4876708984375,0.9999310970306396,565.1561279296875,522.6004028320312,0.9999115467071533,529.8812866210938,373.923828125,0.9999945163726807,561.0889282226562,361.4068298339844,0.9999760389328003,587.2301025390625,379.92510986328125,0.9998989105224609,618.023681640625,450.23236083984375,0.9999209642410278
4,510.2140808105469,481.53759765625,0.9999688863754272,525.8480224609375,485.4984436035156,0.9999861717224121,546.2088623046875,498.4392395019531,0.9999376535415649,571.4822998046875,524.6011962890625,0.9998310804367065,535.3390502929688,373.9750061035156,0.9999964237213135,566.1282958984375,361.80340576171875,0.9999911785125732,590.664794921875,381.4928283691406,0.9998979568481445,622.5521240234375,452.0431213378906,0.9999089241027832
5,513.8494873046875,482.67742919921875,0.9999793767929077,531.5203247070312,485.9819030761719,0.999995231628418,553.281494140625,499.05938720703125,0.9998641014099121,574.5957641601562,525.7046508789062,0.9998893737792969,538.9810180664062,374.3287353515625,0.9999911785125732,570.017822265625,362.82635498046875,0.9999510049819946,594.6931762695312,381.50103759765625,0.999980092048645,628.236083984375,453.28131103515625,0.9999552965164185
6,517.8429565429688,482.9745788574219,0.9999878406524658,534.6340942382812,487.2617492675781,0.999977707862854,556.654296875,500.8351135253906,0.9999479055404663,576.8643798828125,527.8348388671875,0.9999533891677856,543.00830078125,374.3287353515625,0.9999868869781494,574.0403442382812,363.3060607910156,0.9999635219573975,598.3427124023438,383.76318359375,0.9999521970748901,631.7894897460938,453.0189514160156,0.9998388290405273
7,520.7991333007812,483.68133544921875,0.999976396560669,536.458984375,488.7402648925781,0.9999125003814697,558.5842895507812,502.39910888671875,0.9999067783355713,580.02001953125,528.4423828125,0.999963641166687,546.1954345703125,377.3205871582031,0.999992847442627,577.175537109375,363.3060607910156,0.999981164932251,606.625732421875,383.76873779296875,0.9999302625656128,636.4127197265625,453.0189514160156,0.999642014503479
8,524.0949096679688,485.0054931640625,0.9999736547470093,542.0646362304688,489.5226135253906,0.9998621940612793,562.8732299804688,502.84674072265625,0.999957799911499,585.9763793945312,528.7984008789062,0.999910831451416,549.6961669921875,377.9004211425781,0.9999959468841553,580.9425048828125,364.1036376953125,0.9999934434890747,608.74853515625,385.22528076171875,0.9999394416809082,642.4284057617188,454.9864501953125,0.9988784193992615
9,527.7898559570312,485.0054931640625,0.9999551773071289,545.9047241210938,490.2996520996094,0.9999667406082153,566.4835815429688,504.73785400390625,0.9999610185623169,589.9505615234375,529.9501342773438,0.9999549388885498,553.2252807617188,378.8714599609375,0.99997878074646,585.4702758789062,365.1402587890625,0.9999659061431885,614.0971069335938,385.7070617675781,0.9999691247940063,652.5131225585938,456.4232177734375,0.999369204044342
10,532.2506103515625,485.0054931640625,0.9999872446060181,549.3043212890625,490.2996520996094,0.9999690055847168,569.94970703125,504.73785400390625,0.9999433755874634,590.6729736328125,530.4668579101562,0.9999481439590454,558.3904418945312,379.6894836425781,0.9999711513519287,590.0851440429688,366.9234619140625,0.9999467134475708,616.2761840820312,387.382568359375,0.9999352693557739,654.724609375,459.0350341796875,0.9996784925460815
11,535.91552734375,485.0770263671875,0.9999932050704956,551.53466796875,490.9783630371094,0.9999637603759766,572.7894287109375,505.84674072265625,0.999954104423523,597.28466796875,532.7484130859375,0.9999061822891235,561.31591796875,380.4654846191406,0.9999949932098389,591.5196533203125,367.3250427246094,0.9999393224716187,619.5752563476562,389.36761474609375,0.9999532699584961,655.791259765625,461.3755798339844,0.9998177886009216
12,539.6371459960938,487.5548095703125,0.9999650716781616,555.5490112304688,492.4523620605469,0.999954342842102,576.13427734375,506.1521911621094,0.9998964071273804,598.3780517578125,533.6322021484375,0.9998586177825928,564.8909912109375,380.4654846191406,0.9999938011169434,594.4468994140625,368.5966491699219,0.999982476234436,623.4998779296875,391.13751220703125,0.9998138546943665,662.4185791015625,462.6451110839844,0.9995255470275879
13,541.4033813476562,489.2362060546875,0.9999356269836426,557.2293090820312,495.45941162109375,0.9999748468399048,577.8637084960938,509.7588195800781,0.9999428987503052,598.9703369140625,536.4736328125,0.9998102784156799,568.6187133789062,380.4654846191406,0.9999866485595703,598.6256103515625,368.9596862792969,0.999970555305481,626.8927001953125,391.85589599609375,0.9999483823776245,663.2767944335938,467.5470275878906,0.9999628067016602
14,541.5595703125,489.71441650390625,0.9998903274536133,560.5569458007812,495.45941162109375,0.9999504089355469,580.2384033203125,510.30908203125,0.9999538660049438,603.056640625,537.2977905273438,0.9998753070831299,571.536865234375,379.83758544921875,0.9999784231185913,603.6605224609375,369.0648193359375,0.9999879598617554,629.760986328125,392.7302551269531,0.9999068975448608,665.499267578125,467.6126708984375,0.9999556541442871
15,543.9325561523438,490.24114990234375,0.9998970031738281,560.9293212890625,495.9180908203125,0.9999420642852783,582.8650512695312,510.71929931640625,0.9998868703842163,605.6610107421875,538.5498046875,0.999830961227417,574.4371948242188,379.83758544921875,0.9999580383300781,605.7081298828125,369.9206237792969,0.9999874830245972,634.6204833984375,393.3470153808594,0.9998476505279541,671.1873779296875,469.1910400390625,0.9998849630355835
16,546.41943359375,489.71441650390625,0.9999651908874512,565.2645263671875,495.45941162109375,0.9999717473983765,585.7765502929688,510.98773193359375,0.9999603033065796,608.249755859375,539.0062255859375,0.9999011754989624,578.3499755859375,379.83758544921875,0.9999922513961792,609.8064575195312,370.87420654296875,0.9999912977218628,637.0167846679688,393.66705322265625,0.9997255206108093,671.8624267578125,469.5491027832031,0.999933123588562
17,552.6979370117188,489.2362060546875,0.999916672706604,568.9130859375,495.2486267089844,0.9999487400054932,588.5447387695312,511.17242431640625,0.999924898147583,612.7290649414062,540.817138671875,0.9999388456344604,580.6560668945312,380.2546081542969,0.9999945163726807,612.0914306640625,371.06341552734375,0.9999825954437256,641.8902587890625,393.8255920410156,0.9999240636825562,675.6661376953125,470.84783935546875,0.9998950958251953
18,557.972900390625,490.2310791015625,0.9999302625656128,574.2666015625,495.2486267089844,0.9999403953552246,594.0418090820312,511.575439453125,0.999922513961792,616.2826538085938,541.1398315429688,0.9997885823249817,583.0750122070312,380.3028259277344,0.9999886751174927,614.8523559570312,372.035400390625,0.9999653100967407,644.5208129882812,396.59918212890625,0.9999552965164185,678.8330688476562,475.8713684082031,0.9998089671134949
19,559.1847534179688,489.2379455566406,0.9999065399169922,575.2095336914062,496.7444152832031,0.99989914894104,597.2865600585938,511.6226806640625,0.9998863935470581,618.1712646484375,541.7448120117188,0.9995593428611755,586.570068359375,382.14617919921875,0.9999715089797974,619.347900390625,373.28076171875,0.9999866485595703,645.9981079101562,398.5780944824219,0.9999334812164307,681.2127685546875,476.5060729980469,0.9998227953910828
20,561.449951171875,489.1798400878906,0.9999469518661499,579.4155883789062,496.7444152832031,0.9999510049819946,600.338623046875,513.4835205078125,0.9997254014015198,620.6193237304688,542.2513427734375,0.9998347759246826,588.4574584960938,382.65899658203125,0.9999638795852661,620.9930419921875,373.3296813964844,0.9999889135360718,647.4805908203125,399.6015319824219,0.9998401403427124,681.8547973632812,476.8666076660156,0.9997568726539612
21,562.8207397460938,489.2379455566406,0.9999556541442871,580.8248291015625,496.9454040527344,0.9999700784683228,601.7258911132812,513.9783935546875,0.9998524188995361,623.36181640625,542.7264404296875,0.9998770952224731,592.6950073242188,384.1341247558594,0.9999712705612183,623.8496704101562,375.0091247558594,0.9999459981918335,654.00244140625,400.4613952636719,0.9998992681503296,685.2623901367188,477.6466064453125,0.9997915625572205
22,565.3173828125,490.2310791015625,0.9999557733535767,581.3623046875,497.02825927734375,0.9999552965164185,602.3949584960938,514.901123046875,0.9998558759689331,625.25048828125,545.142822265625,0.999901294708252,593.2942504882812,384.1984558105469,0.9999892711639404,625.4046630859375,375.0838623046875,0.9999662637710571,655.080322265625,402.2499694824219,0.9999120235443115,685.7996826171875,478.92364501953125,0.9997513890266418
23,565.6163940429688,494.45867919921875,0.999953031539917,582.5878295898438,500.946533203125,0.9999698400497437,605.03515625,515.6376342773438,0.9999432563781738,627.7997436523438,545.4373168945312,0.9999195337295532,596.021484375,386.16290283203125,0.999985933303833,628.8585815429688,375.5655517578125,0.9999576807022095,656.362548828125,402.25360107421875,0.9998997449874878,686.4876708984375,480.3030700683594,0.9998998641967773
24,570.6939086914062,495.43914794921875,0.9999114274978638,587.5111083984375,502.07470703125,0.9999749660491943,606.6617431640625,516.8402709960938,0.9998854398727417,630.4205932617188,545.4697265625,0.9998205304145813,597.54052734375,386.46875,0.9999961853027344,629.54541015625,377.5596923828125,0.9999653100967407,658.910400390625,403.1182556152344,0.9999135732650757,691.1328735351562,481.61920166015625,0.9999297857284546
25,571.5742797851562,495.43914794921875,0.9999344348907471,588.8893432617188,502.07470703125,0.9999366998672485,609.3735961914062,519.689453125,0.9998962879180908,633.3590087890625,549.3212890625,0.999840259552002,601.9215698242188,386.46875,0.9999855756759644,633.8580932617188,378.4103698730469,0.9999455213546753,662.3203125,403.7160339355469,0.999954342842102,692.2669067382812,482.9012451171875,0.9999790191650391
26,572.4072875976562,494.45867919921875,0.9999271631240845,591.5277709960938,501.14459228515625,0.9999082088470459,612.1021728515625,519.689453125,0.9998953342437744,635.6769409179688,549.3212890625,0.999869704246521,603.9647827148438,386.9102478027344,0.9999834299087524,636.443359375,378.6937255859375,0.9999382495880127,664.18115234375,405.68701171875,0.9999133348464966,693.7984619140625,484.12548828125,0.9999727010726929
27,575.4068603515625,494.4554138183594,0.9998939037322998,591.9359130859375,501.7945251464844,0.9999598264694214,614.1893310546875,519.689453125,0.9998849630355835,636.00537109375,549.3212890625,0.9998631477355957,605.0488891601562,386.93701171875,0.9999796152114868,638.67431640625,379.2071838378906,0.9999227523803711,666.5139770507812,405.8287658691406,0.9999386072158813,695.0249633789062,484.5679626464844,0.9999797344207764
28,575.8817749023438,494.4554138183594,0.9999403953552246,594.7290649414062,501.7945251464844,0.9999758005142212,617.3853149414062,519.59423828125,0.9998433589935303,637.5717163085938,549.3212890625,0.9998059868812561,607.2381591796875,386.93701171875,0.9999750852584839,640.857421875,380.12701416015625,0.9999690055847168,668.1722412109375,405.8287658691406,0.9999454021453857,698.9911499023438,485.02484130859375,0.999975323677063
29,579.0264892578125,494.4554138183594,0.9999691247940063,596.1026000976562,501.7945251464844,0.9999877214431763,618.4011840820312,519.59423828125,0.9998973608016968,641.40771484375,549.3212890625,0.9998916387557983,608.6046752929688,386.93701171875,0.9999876022338867,643.0255126953125,380.12701416015625,0.9999871253967285,670.741943359375,405.8287658691406,0.9999319314956665,700.784912109375,485.1221008300781,0.9999563694000244
30,580.6597900390625,494.5599365234375,0.9999619722366333,598.7724609375,501.7945251464844,0.9999654293060303,619.1317138671875,517.9248657226562,0.9998655319213867,642.8077392578125,551.1896362304688,0.9998562335968018,611.4940795898438,387.19830322265625,0.999996542930603,644.2051391601562,380.3113098144531,0.9999802112579346,672.7040405273438,405.8287658691406,0.9999573230743408,702.8309326171875,485.9615783691406,0.9999299049377441
31,581.5298461914062,496.1728820800781,0.999906063079834,600.8360595703125,501.82440185546875,0.9999233484268188,622.23486328125,519.59423828125,0.9997487664222717,644.8779296875,551.8504638671875,0.9997153878211975,611.6708374023438,387.19830322265625,0.9999959468841553,646.4262084960938,380.4880676269531,0.999982476234436,672.8687133789062,405.8287658691406,0.9999136924743652,705.1429443359375,485.9615783691406,0.9999552965164185
32,584.6254272460938,496.1728820800781,0.9999078512191772,601.5027465820312,502.05743408203125,0.9999580383300781,622.9942016601562,519.59423828125,0.9998537302017212,644.986328125,551.8677368164062,0.9998382329940796,613.9801635742188,387.5643615722656,0.999996542930603,648.7387084960938,380.4880676269531,0.9999221563339233,676.4384765625,406.0826110839844,0.9999387264251709,705.6119384765625,487.2900390625,0.9999492168426514
33,584.888916015625,496.81903076171875,0.9999785423278809,602.7706909179688,502.77264404296875,0.9998989105224609,623.97021484375,519.934814453125,0.9999053478240967,646.5252685546875,553.1708984375,0.9997817873954773,615.4122314453125,387.5643615722656,0.9999915361404419,648.9962768554688,380.4880676269531,0.9998974800109863,676.6961669921875,406.23040771484375,0.9999644756317139,707.5361938476562,488.1105041503906,0.9999785423278809
34,585.09423828125,496.1728820800781,0.9999117851257324,602.7706909179688,502.71923828125,0.9999573230743408,623.97021484375,520.0645751953125,0.999815046787262,646.849365234375,553.202880859375,0.999796450138092,615.8766479492188,387.67303466796875,0.9999902248382568,649.0150756835938,380.5644226074219,0.9999327659606934,677.0194702148438,407.03363037109375,0.9999572038650513,708.1858520507812,488.5487365722656,0.9999635219573975
35,586.40283203125,495.0561828613281,0.999950647354126,604.4717407226562,503.0335388183594,0.9999125003814697,624.2720947265625,520.28515625,0.9998101592063904,648.356201171875,553.2867431640625,0.9996802806854248,617.5296630859375,387.67303466796875,0.9999836683273315,650.4503784179688,380.4880676269531,0.9999126195907593,678.8778686523438,407.372314453125,0.9999006986618042,708.3604736328125,489.7384948730469,0.9999511241912842
36,587.51025390625,495.0561828613281,0.9998965263366699,605.6145629882812,502.71923828125,0.9998893737792969,626.35791015625,520.28515625,0.9998227953910828,648.3604125976562,553.2867431640625,0.9997106194496155,618.2001953125,387.5155944824219,0.9999771118164062,653.1707153320312,380.5644226074219,0.9999556541442871,679.9557495117188,407.372314453125,0.999854564666748,708.904541015625,489.7384948730469,0.9999568462371826
37,587.20068359375,497.6855773925781,0.9999289512634277,605.6145629882812,503.0335388183594,0.9999032020568848,627.7411499023438,521.4459228515625,0.9997244477272034,648.3604125976562,553.4190673828125,0.9997655749320984,620.1715698242188,387.5155944824219,0.999980092048645,653.6364135742188,380.5644226074219,0.9999613761901855,680.0164794921875,407.372314453125,0.9998654127120972,710.3319091796875,490.4188537597656,0.9999607801437378
38,588.0453491210938,495.0561828613281,0.9999682903289795,606.5386962890625,502.8064880371094,0.9999061822891235,627.9494018554688,521.1007080078125,0.999874472618103,650.9821166992188,553.4190673828125,0.9997444748878479,620.2511596679688,387.5155944824219,0.9999860525131226,654.7897338867188,380.933349609375,0.9999685287475586,682.3154296875,407.372314453125,0.9999231100082397,711.3380737304688,491.5035095214844,0.9998953342437744
39,589.1486206054688,497.6855773925781,0.9999761581420898,606.8876953125,503.0335388183594,0.9998403787612915,628.3134155273438,521.4459228515625,0.9999001026153564,650.9821166992188,554.54150390625,0.9997723698616028,620.2511596679688,387.3562927246094,0.9999829530715942,655.47265625,381.1827392578125,0.9999417066574097,682.4134521484375,407.49639892578125,0.9999349117279053,711.7982788085938,492.2077941894531,0.9999371767044067
40,589.3788452148438,499.7732238769531,0.9999569654464722,606.9193115234375,504.75750732421875,0.9998964071273804,628.3134155273438,523.572265625,0.9997923970222473,650.6049194335938,554.9854125976562,0.9998552799224854,620.1715698242188,387.5155944824219,0.9999803304672241,655.8837280273438,381.1827392578125,0.9999701976776123,682.9266967773438,408.7167053222656,0.9999122619628906,712.0223388671875,492.3219909667969,0.999950647354126
41,589.3788452148438,500.253173828125,0.9999780654907227,607.672607421875,505.0292663574219,0.9999386072158813,629.5767822265625,523.8731689453125,0.9998995065689087,649.624755859375,556.6976928710938,0.9998077750205994,619.8603515625,385.5436096191406,0.9999804496765137,655.8837280273438,381.1827392578125,0.9999544620513916,683.2264404296875,408.7657775878906,0.9998785257339478,712.723388671875,492.4432373046875,0.9998306035995483
42,589.72021484375,500.253173828125,0.9999606609344482,608.803466796875,505.0292663574219,0.9998886585235596,630.2014770507812,523.572265625,0.9998103976249695,650.6049194335938,556.6976928710938,0.9998445510864258,619.8603515625,385.22589111328125,0.9999837875366211,656.07958984375,381.047119140625,0.9999725818634033,684.383544921875,410.2783203125,0.9998072981834412,713.5238647460938,492.58831787109375,0.9998924732208252
43,590.0491943359375,500.253173828125,0.9999675750732422,608.9506225585938,505.0292663574219,0.9998958110809326,631.6123657226562,523.572265625,0.9998792409896851,650.6049194335938,556.6976928710938,0.9996294975280762,619.5028686523438,385.0486755371094,0.9999818801879883,656.7816772460938,380.9278259277344,0.9999619722366333,685.59521484375,410.2783203125,0.9998844861984253,713.55810546875,492.63873291015625,0.9999148845672607
44,590.4092407226562,498.75274658203125,0.9999414682388306,609.0176391601562,503.4997253417969,0.9999641180038452,631.8989868164062,523.3895874023438,0.9996672868728638,651.6118774414062,556.6974487304688,0.9998186230659485,619.8603515625,385.1401062011719,0.9999768733978271,656.8047485351562,380.8894348144531,0.9999825954437256,685.59521484375,410.5313720703125,0.9998487234115601,713.55810546875,492.63873291015625,0.9998223185539246
45,591.4774780273438,498.75274658203125,0.9999686479568481,609.27392578125,503.4997253417969,0.9999048709869385,632.4918823242188,523.3895874023438,0.9996442794799805,652.2749633789062,556.51416015625,0.9998840093612671,620.0518188476562,385.1401062011719,0.9999769926071167,657.2101440429688,380.8894348144531,0.9999749660491943,685.8702392578125,410.2783203125,0.9998562335968018,713.55810546875,492.58831787109375,0.9998592138290405
46,593.0841064453125,498.75274658203125,0.9999716281890869,609.8992309570312,502.93121337890625,0.9999538660049438,633.4396362304688,521.921875,0.9998043179512024,653.4033203125,556.2752685546875,0.9998854398727417,620.0518188476562,384.921142578125,0.9999803304672241,657.2101440429688,380.9278259277344,0.9999672174453735,685.877685546875,409.51953125,0.9997941851615906,713.55810546875,492.17303466796875,0.9998947381973267
47,593.0841064453125,498.75274658203125,0.999976396560669,609.8992309570312,502.93121337890625,0.9999520778656006,633.4396362304688,522.510009765625,0.999923825263977,653.4033203125,556.2752685546875,0.999934196472168,620.0518188476562,385.1401062011719,0.9999872446060181,656.8047485351562,380.595703125,0.9999659061431885,686.0097045898438,409.0480041503906,0.9998736381530762,714.2935180664062,492.17303466796875,0.9998096823692322
48,593.0841064453125,497.0518798828125,0.9999748468399048,611.37548828125,502.93121337890625,0.9999666213989258,633.5086669921875,522.510009765625,0.9996426105499268,653.4033203125,555.3920288085938,0.9999154806137085,620.0518188476562,385.1738586425781,0.9999643564224243,657.1221923828125,380.595703125,0.9999642372131348,686.0097045898438,409.51953125,0.9997809529304504,713.456298828125,491.607421875,0.9997808337211609
49,592.2649536132812,498.705810546875,0.9999772310256958,611.37548828125,502.93121337890625,0.9999665021896362,633.5086669921875,522.510009765625,0.9997612833976746,653.6890869140625,555.3841552734375,0.999897837638855,619.9431762695312,385.1738586425781,0.9999837875366211,656.7682495117188,380.9529724121094,0.9999786615371704,686.0097045898438,408.9453430175781,0.9998762607574463,713.9112548828125,492.17303466796875,0.9999145269393921
50,592.2649536132812,498.3628234863281,0.9999417066574097,611.37548828125,502.6925048828125,0.9999265670776367,633.6297607421875,522.0088500976562,0.9998089671134949,654.185791015625,555.1319580078125,0.9999195337295532,619.9193115234375,384.8146667480469,0.9999749660491943,656.7682495117188,380.9529724121094,0.9999587535858154,686.0097045898438,409.51953125,0.9996968507766724,714.9440307617188,492.206787109375,0.9997994303703308
51,592.2649536132812,497.0518798828125,0.9999681711196899,611.37548828125,502.6547546386719,0.9999397993087769,633.6297607421875,522.0088500976562,0.9998218417167664,654.185791015625,555.1319580078125,0.9998493194580078,619.9431762695312,385.1738586425781,0.9999639987945557,657.1221923828125,381.2666320800781,0.9999427795410156,686.0794677734375,409.9554138183594,0.9997523427009583,714.2861938476562,492.206787109375,0.9998587369918823
52,592.2649536132812,497.8453063964844,0.9999709129333496,610.7318725585938,502.6925048828125,0.9999710321426392,633.60595703125,522.0088500976562,0.9994701743125916,653.6890869140625,555.3841552734375,0.9998201727867126,619.9431762695312,384.2539978027344,0.9999579191207886,657.8679809570312,381.35418701171875,0.9999717473983765,686.1853637695312,409.9554138183594,0.9997714161872864,714.2861938476562,492.206787109375,0.9998326301574707
53,593.0523071289062,497.8453063964844,0.9999545812606812,610.7318725585938,502.4729919433594,0.9999682903289795,633.60595703125,521.8181762695312,0.9998181462287903,653.6890869140625,555.3841552734375,0.9996917247772217,619.9628295898438,384.21844482421875,0.9999815225601196,657.8679809570312,381.35418701171875,0.9999680519104004,686.2203369140625,408.9453430175781,0.999782383441925,714.2861938476562,492.206787109375,0.999860405921936
54,593.6867065429688,497.01300048828125,0.999975323677063,611.121337890625,502.4729919433594,0.9999434947967529,633.60595703125,521.3358154296875,0.9999096393585205,653.3781127929688,555.1319580078125,0.9998747110366821,619.9628295898438,384.21844482421875,0.9999728202819824,658.2340087890625,381.35418701171875,0.9999638795852661,686.2203369140625,410.1802062988281,0.9998859167098999,714.2861938476562,491.9976501464844,0.9999027252197266
55,593.6867065429688,497.01300048828125,0.9999823570251465,611.121337890625,503.28350830078125,0.9999769926071167,633.1760864257812,521.8181762695312,0.9997120499610901,653.362548828125,555.8203735351562,0.9999079704284668,619.9628295898438,384.21844482421875,0.9999644756317139,658.747802734375,381.0439758300781,0.9999772310256958,686.565185546875,409.2270202636719,0.9998857975006104,713.78369140625,491.9976501464844,0.9998897314071655
56,593.0523071289062,497.8453063964844,0.9999769926071167,610.7318725585938,504.4365539550781,0.9999810457229614,632.17919921875,521.2808227539062,0.9998072981834412,653.126953125,555.8203735351562,0.9998852014541626,620.1257934570312,384.21844482421875,0.9999796152114868,658.2340087890625,381.0439758300781,0.9999582767486572,686.565185546875,409.2270202636719,0.9996936321258545,713.78369140625,490.5450744628906,0.9998283386230469
57,591.9939575195312,497.01300048828125,0.999975323677063,610.7144775390625,503.28350830078125,0.9998935461044312,632.17919921875,521.1649169921875,0.9998761415481567,653.126953125,555.4744262695312,0.9998506307601929,620.1504516601562,383.7249755859375,0.9999655485153198,657.8672485351562,381.0439758300781,0.9999765157699585,686.3300170898438,409.2270202636719,0.9998238682746887,713.7491455078125,490.5450744628906,0.9998461008071899
58,591.2138671875,498.0928955078125,0.9999850988388062,609.1619262695312,503.28350830078125,0.999923825263977,632.17919921875,521.1649169921875,0.9997034668922424,653.126953125,555.4744262695312,0.999886155128479,619.79443359375,383.9126281738281,0.9999809265136719,657.8672485351562,381.16815185546875,0.9999827146530151,686.1361694335938,409.4599304199219,0.9998403787612915,713.78369140625,489.9876708984375,0.9998083710670471
59,591.2138671875,498.0928955078125,0.9999498128890991,609.1619262695312,502.8708190917969,0.9999635219573975,632.1400146484375,521.1895141601562,0.9993556141853333,652.2321166992188,555.6402587890625,0.9997958540916443,619.79443359375,383.5288391113281,0.9999547004699707,657.669921875,381.16815185546875,0.9999496936798096,686.1361694335938,409.2270202636719,0.9999265670776367,714.0407104492188,489.99261474609375,0.9999349117279053
60,591.3355712890625,496.62384033203125,0.9999639987945557,609.3350830078125,502.16229248046875,0.9999573230743408,632.1400146484375,521.1895141601562,0.9997207522392273,652.7799072265625,555.4744262695312,0.9998934268951416,620.0136108398438,383.5288391113281,0.9999687671661377,657.669921875,381.4883728027344,0.9999665021896362,685.6676025390625,408.72430419921875,0.999841570854187,714.4853515625,489.99261474609375,0.9997881054878235
61,591.3355712890625,495.1944580078125,0.9999407529830933,609.3350830078125,501.4334411621094,0.9999774694442749,631.7400512695312,521.1895141601562,0.9997281432151794,652.2321166992188,554.6385498046875,0.9998928308486938,620.0136108398438,382.9244384765625,0.9999544620513916,657.364990234375,381.45794677734375,0.9999133348464966,685.363037109375,408.72430419921875,0.9997654557228088,714.0407104492188,492.466552734375,0.9998433589935303
62,591.2138671875,494.40869140625,0.9999139308929443,609.1619262695312,500.9955749511719,0.9999758005142212,631.3870239257812,521.3973388671875,0.999761164188385,651.4134521484375,555.6402587890625,0.9997180104255676,620.0136108398438,382.64013671875,0.9999656677246094,657.669921875,381.45794677734375,0.9999830722808838,685.363037109375,409.674072265625,0.9998736381530762,714.4853515625,492.466552734375,0.9998171925544739
63,589.1600341796875,493.87860107421875,0.999941349029541,606.8108520507812,500.8677978515625,0.9999103546142578,631.05029296875,521.3973388671875,0.999671459197998,647.7651977539062,555.2748413085938,0.9997178912162781,620.8093872070312,381.9123840332031,0.9999620914459229,657.957275390625,381.0868225097656,0.9999632835388184,685.4962768554688,409.0530090332031,0.999834418296814,714.4853515625,493.24853515625,0.9998062252998352
64,588.814453125,493.3103942871094,0.9999604225158691,605.62353515625,499.5538024902344,0.99996018409729,627.2127685546875,521.3973388671875,0.9997958540916443,647.412841796875,554.6385498046875,0.9998970031738281,620.8516235351562,381.1593017578125,0.9999687671661377,659.0322875976562,381.4095458984375,0.99998939037323,685.6676025390625,409.60589599609375,0.9998014569282532,713.9213256835938,493.64617919921875,0.9998613595962524
65,586.9478149414062,493.2364807128906,0.9999090433120728,605.3639526367188,499.5538024902344,0.9999202489852905,626.4996948242188,521.3693237304688,0.999697208404541,647.1171875,554.6385498046875,0.9998579025268555,620.8995971679688,380.896728515625,0.9999634027481079,659.0322875976562,381.4095458984375,0.9999463558197021,686.6909790039062,409.60589599609375,0.9998620748519897,713.66796875,493.7420654296875,0.999889612197876
66,584.9454956054688,490.31256103515625,0.9998465776443481,604.591552734375,498.3799743652344,0.9997684359550476,626.3325805664062,519.3944702148438,0.9997660517692566,646.1392822265625,554.0112915039062,0.9998705387115479,622.592041015625,380.12615966796875,0.9999778270721436,660.0100708007812,381.4095458984375,0.9999812841415405,686.81103515625,409.60589599609375,0.9998806715011597,712.0130615234375,493.7420654296875,0.9999290704727173
67,583.9258422851562,489.82177734375,0.9999188184738159,602.3689575195312,497.90625,0.9999516010284424,621.7918701171875,518.9322509765625,0.9998751878738403,640.7416381835938,553.5670776367188,0.999901533126831,623.8443603515625,379.8289489746094,0.9999101161956787,661.0037841796875,381.5838623046875,0.9999451637268066,687.479248046875,409.60589599609375,0.9998764991760254,711.7142944335938,493.64617919921875,0.9998476505279541
68,583.4112548828125,484.7111511230469,0.9999858140945435,600.2952880859375,494.1014404296875,0.9998514652252197,621.7603149414062,515.3379516601562,0.9997065663337708,640.4202880859375,547.208251953125,0.9999382495880127,627.36328125,376.10015869140625,0.9999895095825195,665.0111694335938,381.5838623046875,0.999935507774353,688.6405639648438,409.87359619140625,0.9999337196350098,709.9676513671875,492.7698974609375,0.999889612197876
69,580.5289306640625,477.97027587890625,0.9999399185180664,598.6333618164062,491.2644958496094,0.9998289346694946,617.717041015625,512.7015380859375,0.999846339225769,635.0811157226562,544.2941284179688,0.999889612197876,629.7340698242188,373.2728271484375,0.9999938011169434,666.0906982421875,381.5838623046875,0.9999390840530396,690.4534301757812,410.11151123046875,0.9999721050262451,706.7874145507812,491.1349182128906,0.9999532699584961
70,576.0775146484375,473.6126403808594,0.9998772144317627,593.1149291992188,486.1086120605469,0.9999483823776245,612.6001586914062,508.2197570800781,0.9998544454574585,629.7708129882812,540.4736938476562,0.9999004602432251,629.7340698242188,368.63116455078125,0.9999743700027466,666.70556640625,379.76434326171875,0.9999278783798218,691.6329956054688,410.11151123046875,0.9999691247940063,706.68896484375,487.07830810546875,0.9999595880508423
71,571.587158203125,465.7218933105469,0.9999040365219116,589.5957641601562,481.0775451660156,0.9998602867126465,607.1710205078125,503.38336181640625,0.9998002648353577,624.2794189453125,533.2285766601562,0.9999251365661621,629.7340698242188,365.9708251953125,0.9999823570251465,666.70556640625,379.2033996582031,0.9999136924743652,691.6329956054688,410.11151123046875,0.9999727010726929,701.8748168945312,482.6866760253906,0.999953031539917
72,565.5383911132812,463.32080078125,0.9998444318771362,584.2046508789062,475.15667724609375,0.9997743964195251,603.435791015625,495.60162353515625,0.9998260140419006,619.619873046875,524.8131713867188,0.9999103546142578,629.5167846679688,363.592529296875,0.9999855756759644,666.70556640625,377.17315673828125,0.9999130964279175,691.6329956054688,408.3926086425781,0.9999711513519287,695.890380859375,472.4672546386719,0.9998701810836792
73,561.9296875,452.78466796875,0.9999337196350098,581.1875610351562,466.1839599609375,0.9996908903121948,599.8162231445312,486.6318054199219,0.9998171925544739,615.5971069335938,514.426513671875,0.9998875856399536,623.5302734375,358.1936950683594,0.9999710321426392,663.3401489257812,371.12005615234375,0.9999459981918335,690.0556030273438,403.14447021484375,0.9999852180480957,690.0418090820312,465.1204528808594,0.9999548196792603
74,554.990966796875,440.934814453125,0.9990087747573853,576.556884765625,457.3099365234375,0.9992114305496216,595.7473754882812,477.09912109375,0.9995728135108948,613.6746215820312,503.798583984375,0.9990818500518799,619.5377807617188,353.2043151855469,0.9999804496765137,655.5382690429688,362.92730712890625,0.999925971031189,681.7532348632812,394.9272155761719,0.999908447265625,682.0462646484375,456.2658386230469,0.9998737573623657
75,545.8948974609375,432.1656188964844,0.9995484948158264,568.4803466796875,445.41632080078125,0.9991777539253235,589.1415405273438,463.838134765625,0.9994974136352539,604.7952880859375,491.57159423828125,0.9997175335884094,609.4833984375,345.7576904296875,0.9999778270721436,644.7899780273438,353.2978515625,0.9999841451644897,671.1651000976562,381.37615966796875,0.9999704360961914,671.8509521484375,441.6884765625,0.9999325275421143
76,534.5391235351562,423.48553466796875,0.999883770942688,558.34814453125,435.2058410644531,0.9996110796928406,576.1258544921875,452.59521484375,0.9998067021369934,594.0399780273438,479.30145263671875,0.9999051094055176,595.5868530273438,332.03472900390625,0.9999934434890747,630.556884765625,337.23248291015625,0.9999645948410034,656.3491821289062,365.61767578125,0.9999727010726929,660.7383422851562,425.0830078125,0.9999499320983887
77,520.7353515625,415.6416320800781,0.9997624754905701,544.06103515625,425.6576843261719,0.9998213648796082,563.9679565429688,439.9145812988281,0.9999595880508423,583.0692749023438,464.5071105957031,0.9998968839645386,576.2569580078125,319.1152038574219,0.999969482421875,612.9107666015625,324.2812194824219,0.9999816417694092,641.0579833984375,350.1978454589844,0.9999830722808838,645.9141845703125,409.7544250488281,0.9999717473983765
78,505.2126159667969,411.6136474609375,0.9997199177742004,527.1420288085938,418.2452392578125,0.9997478127479553,547.4672241210938,432.0693664550781,0.9998526573181152,567.4934692382812,453.7508850097656,0.9999103546142578,555.9947509765625,310.1400146484375,0.9999861717224121,593.4609985351562,308.9803466796875,0.9999840259552002,621.3004150390625,335.39642333984375,0.9999686479568481,630.9627075195312,389.5882263183594,0.9999696016311646
79,490.2421569824219,399.26324462890625,0.99980229139328,511.1449279785156,405.7306823730469,0.9998717308044434,533.0294799804688,417.6293640136719,0.9999407529830933,555.1091918945312,437.2216796875,0.9999690055847168,537.8284912109375,300.7118225097656,0.9999778270721436,574.5057373046875,298.55133056640625,0.9999511241912842,604.6666259765625,321.00140380859375,0.9999706745147705,612.137451171875,373.948974609375,0.9999926090240479
80,475.03216552734375,392.3025207519531,0.9998914003372192,495.491943359375,395.0782470703125,0.9999446868896484,517.7800903320312,406.1199645996094,0.9999537467956543,538.3297729492188,427.0894470214844,0.9999065399169922,516.8133544921875,293.5968017578125,0.999996542930603,554.6998901367188,287.1488037109375,0.9999237060546875,587.9094848632812,305.499755859375,0.9999842643737793,596.3595581054688,356.2899169921875,0.999994158744812
81,461.0838928222656,383.03173828125,0.9999054670333862,481.6054992675781,384.30615234375,0.9999020099639893,503.9978332519531,392.6458740234375,0.9998970031738281,525.4224243164062,412.2396240234375,0.9999306201934814,497.0420837402344,285.7309265136719,0.9999841451644897,534.5551147460938,278.0220947265625,0.9999673366546631,567.3489990234375,293.060302734375,0.9999834299087524,577.4489135742188,340.3959655761719,0.9999909400939941
82,447.82025146484375,374.43121337890625,0.9999483823776245,466.57073974609375,376.71258544921875,0.9999302625656128,490.0971374511719,385.0257873535156,0.9999455213546753,511.7524719238281,402.3162536621094,0.9999496936798096,477.2055969238281,282.50537109375,0.9999507665634155,515.8545532226562,272.19854736328125,0.9999624490737915,548.6790161132812,284.8528747558594,0.9999864101409912,561.7767333984375,332.70501708984375,0.9999862909317017
83,434.9129638671875,374.43121337890625,0.999987006187439,452.84698486328125,373.0971984863281,0.9999808073043823,477.2621765136719,380.7432556152344,0.9999592304229736,499.31146240234375,397.8126220703125,0.9999582767486572,463.2769470214844,282.50537109375,0.9999681711196899,498.4637145996094,268.72528076171875,0.9999837875366211,533.63916015625,278.43267822265625,0.999985933303833,547.738037109375,326.0700378417969,0.9999960660934448
84,426.82000732421875,374.43121337890625,0.9999723434448242,444.17779541015625,373.0971984863281,0.9999399185180664,466.4616394042969,380.7432556152344,0.9999125003814697,491.2375793457031,397.8126220703125,0.9999494552612305,451.799072265625,282.50537109375,0.9999899864196777,485.4280090332031,266.1262512207031,0.9999873638153076,521.7546997070312,274.13916015625,0.9999759197235107,537.1376342773438,321.9978332519531,0.9999839067459106
85,421.5019836425781,374.83319091796875,0.999976634979248,439.09844970703125,373.0971984863281,0.9999773502349854,459.72772216796875,380.7432556152344,0.9999681711196899,486.7847595214844,397.8126220703125,0.9999377727508545,443.771728515625,282.9359130859375,0.9999767541885376,476.1157531738281,265.3479919433594,0.9999579191207886,511.424560546875,272.1042175292969,0.9999614953994751,529.552978515625,319.36029052734375,0.9999847412109375
86,415.1219482421875,379.9831237792969,0.9999315738677979,432.87005615234375,377.76727294921875,0.9999535083770752,455.23760986328125,383.3704833984375,0.9998553991317749,481.24835205078125,398.0392150878906,0.9999642372131348,437.5935974121094,284.51995849609375,0.9999909400939941,467.82635498046875,265.3479919433594,0.9999614953994751,504.4825134277344,272.1042175292969,0.9999170303344727,523.1254272460938,319.36029052734375,0.999936580657959
87,413.2814025878906,380.1358642578125,0.9999532699584961,431.9718322753906,378.30670166015625,0.9999374151229858,454.6014404296875,383.5104675292969,0.9997538924217224,481.2438659667969,398.3517150878906,0.9999386072158813,431.2872314453125,288.62890625,0.9999699592590332,459.89385986328125,265.3479919433594,0.9999538660049438,497.438720703125,272.1042175292969,0.9999701976776123,518.5565185546875,319.36029052734375,0.9999743700027466
88,413.2814025878906,381.9261474609375,0.999961256980896,431.9718322753906,379.72174072265625,0.9999552965164185,453.0465087890625,384.9747619628906,0.9999635219573975,478.49053955078125,400.265869140625,0.9999682903289795,428.3600158691406,290.6359558105469,0.9999935626983643,455.900390625,267.0004577636719,0.9999825954437256,494.10931396484375,274.3238830566406,0.999969482421875,514.8384399414062,320.2906188964844,0.9999914169311523
89,413.2814025878906,385.95697021484375,0.9999890327453613,431.9718322753906,385.154296875,0.9999628067016602,453.0465087890625,390.0381774902344,0.9999731779098511,478.49053955078125,403.4292297363281,0.9999717473983765,428.13946533203125,291.25909423828125,0.9999903440475464,453.7981262207031,268.37738037109375,0.9999901056289673,491.9786376953125,275.9696350097656,0.9999750852584839,512.397705078125,322.5511169433594,0.9999918937683105
90,414.90411376953125,386.45819091796875,0.9999849796295166,432.45721435546875,385.5918273925781,0.9999759197235107,453.0465087890625,390.5163879394531,0.9999743700027466,478.49053955078125,403.6504211425781,0.9999802112579346,427.3037109375,293.57293701171875,0.9999852180480957,453.3872375488281,270.3486022949219,0.9999852180480957,490.63336181640625,278.5003356933594,0.9999566078186035,511.32489013671875,325.08355712890625,0.9999866485595703
91,415.70465087890625,388.1127624511719,0.9999862909317017,433.2877502441406,386.8514099121094,0.9999854564666748,454.6546325683594,392.02716064453125,0.9999231100082397,478.5654296875,405.9150390625,0.9999545812606812,427.3037109375,295.3994140625,0.9999721050262451,453.3872375488281,270.8936462402344,0.9999796152114868,490.1892395019531,279.944580078125,0.9999293088912964,510.27618408203125,326.46685791015625,0.9999754428863525
92,415.8563232421875,389.8857727050781,0.9999802112579346,433.58270263671875,387.5921325683594,0.9999878406524658,455.3022766113281,392.781982421875,0.999909520149231,479.73199462890625,406.40228271484375,0.9999579191207886,428.13946533203125,295.7310485839844,0.9999690055847168,453.1707458496094,271.2881774902344,0.999984622001648,489.3134460449219,281.1474609375,0.9998704195022583,510.0446472167969,328.08074951171875,0.9999570846557617
93,415.97381591796875,390.022216796875,0.9999809265136719,433.58270263671875,387.951904296875,0.9999916553497314,455.31787109375,392.84710693359375,0.9999171495437622,480.0741882324219,407.1152648925781,0.9999384880065918,428.13946533203125,295.89105224609375,0.9999840259552002,453.3872375488281,271.9602355957031,0.9999756813049316,489.3104553222656,281.81695556640625,0.9998792409896851,509.4572448730469,330.07330322265625,0.9999063014984131
94,416.218505859375,390.2337341308594,0.9999865293502808,433.6170959472656,388.1240234375,0.9999918937683105,456.0351257324219,393.5838623046875,0.999932050704956,480.14080810546875,407.8117980957031,0.9999061822891235,428.2249450683594,296.3216552734375,0.999945878982544,453.1707458496094,272.10198974609375,0.9999735355377197,488.9903869628906,282.1259765625,0.9998763799667358,509.2667236328125,330.6277770996094,0.9999251365661621
95,416.39617919921875,390.5645751953125,0.9999818801879883,434.081298828125,388.9288635253906,0.9999891519546509,456.0948791503906,393.84771728515625,0.9998569488525391,480.563232421875,408.653076171875,0.9999281167984009,428.2502136230469,296.9274597167969,0.9999762773513794,453.525390625,272.3561706542969,0.9999779462814331,488.7253112792969,282.30267333984375,0.9998980760574341,508.82208251953125,330.8167724609375,0.9999219179153442
96,416.54107666015625,391.56536865234375,0.9999657869338989,435.30816650390625,390.1726989746094,0.9999890327453613,457.163330078125,395.2718505859375,0.9999690055847168,480.93255615234375,409.5774841308594,0.9999499320983887,428.5631103515625,296.9274597167969,0.9999637603759766,453.525390625,272.3561706542969,0.9999797344207764,488.48828125,283.3155517578125,0.9999223947525024,508.6235656738281,332.4024963378906,0.9999184608459473
97,417.83221435546875,391.56536865234375,0.9999771118164062,435.3621520996094,390.3793640136719,0.999993085861206,457.4418029785156,395.2718505859375,0.9999675750732422,481.0472412109375,409.5774841308594,0.9999445676803589,428.5989074707031,296.9274597167969,0.9999644756317139,453.525390625,272.3561706542969,0.9999756813049316,488.39703369140625,283.5403137207031,0.9999212026596069,508.28057861328125,332.5579528808594,0.999921441078186
98,418.279541015625,392.6038818359375,0.9999794960021973,436.1195068359375,391.1413269042969,0.9999916553497314,457.4905090332031,395.9689025878906,0.9999712705612183,482.0372009277344,409.8340759277344,0.9999655485153198,428.7099609375,297.4472961425781,0.9999685287475586,454.011474609375,272.693603515625,0.9999749660491943,488.0671081542969,284.0880126953125,0.999925971031189,508.2726135253906,332.5579528808594,0.9999080896377563
99,419.71966552734375,392.6038818359375,0.9999849796295166,437.5357666015625,391.3138732910156,0.9999954700469971,458.58978271484375,395.9689025878906,0.9999767541885376,482.9571228027344,410.0858459472656,0.9999474287033081,428.95294189453125,297.4472961425781,0.999956488609314,454.011474609375,272.8849182128906,0.9999767541885376,488.0592956542969,284.1825256347656,0.9999251365661621,508.2211608886719,332.5579528808594,0.9999206066131592
100,419.71966552734375,392.9573974609375,0.9999861717224121,437.6112976074219,391.3624267578125,0.999992847442627,458.6746826171875,396.4570617675781,0.9999761581420898,483.6065673828125,410.22930908203125,0.9999730587005615,428.95294189453125,297.45587158203125,0.9999576807022095,453.7579650878906,272.9374694824219,0.9999773502349854,488.0592956542969,284.1825256347656,0.9999420642852783,508.2211608886719,333.1020812988281,0.999925971031189
101,419.71966552734375,393.203369140625,0.999987006187439,437.6112976074219,391.3138732910156,0.9999916553497314,459.27862548828125,395.9689025878906,0.999975323677063,483.6558532714844,410.0858459472656,0.9999701976776123,428.7099609375,297.9794921875,0.9999502897262573,453.4073181152344,272.9374694824219,0.9999845027923584,487.9785461425781,284.0880126953125,0.999931812286377,508.2211608886719,333.1020812988281,0.9999109506607056
102,419.2623596191406,393.9895324707031,0.9999865293502808,437.6112976074219,391.58990478515625,0.9999829530715942,461.45068359375,396.4570617675781,0.9999747276306152,484.443603515625,410.22930908203125,0.999968409538269,428.40618896484375,299.2991638183594,0.9999754428863525,453.7579650878906,273.4730224609375,0.9999774694442749,487.89727783203125,283.5104675292969,0.9999167919158936,508.32073974609375,333.4859924316406,0.9999440908432007
103,419.2623596191406,394.2271728515625,0.9999856948852539,437.766845703125,392.04498291015625,0.9999746084213257,462.6258850097656,396.4570617675781,0.9999250173568726,484.6927795410156,410.22930908203125,0.999966025352478,428.27386474609375,299.3272399902344,0.999969482421875,453.7041015625,273.4730224609375,0.9999836683273315,487.892822265625,282.9275207519531,0.9999488592147827,508.4950866699219,333.4859924316406,0.9999393224716187
104,419.2623596191406,395.77105712890625,0.9999884366989136,437.8172302246094,392.04498291015625,0.999964714050293,462.65997314453125,396.4570617675781,0.9999425411224365,485.5376892089844,410.6099853515625,0.9999388456344604,428.27386474609375,299.3272399902344,0.9999774694442749,453.7041015625,273.4730224609375,0.9999858140945435,487.89727783203125,282.9275207519531,0.9999570846557617,508.4996643066406,333.5537109375,0.9999510049819946
105,420.30096435546875,395.77105712890625,0.9999827146530151,439.3821105957031,392.04498291015625,0.9999189376831055,462.9927062988281,396.4170227050781,0.9999594688415527,485.7840270996094,410.43170166015625,0.9999030828475952,428.40618896484375,299.5616760253906,0.9999756813049316,453.7041015625,273.90533447265625,0.9999802112579346,487.8231201171875,283.5104675292969,0.9999547004699707,508.8100891113281,333.766357421875,0.9999138116836548
106,421.5948791503906,396.4433288574219,0.99997878074646,439.5207214355469,392.9453430175781,0.9998592138290405,463.025146484375,396.5580139160156,0.9999579191207886,485.9625549316406,411.4574890136719,0.9999569654464722,428.5218505859375,299.6169128417969,0.999972939491272,453.7041015625,273.9090881347656,0.9999855756759644,487.7611999511719,283.5104675292969,0.9999316930770874,508.7367858886719,334.0309143066406,0.9999414682388306
107,421.5948791503906,397.90325927734375,0.9999886751174927,439.85052490234375,393.779296875,0.9999678134918213,463.2411804199219,396.5580139160156,0.9999518394470215,486.61151123046875,411.4574890136719,0.9999538660049438,428.5218505859375,299.8046875,0.9999747276306152,453.6195983886719,274.1390380859375,0.9999861717224121,487.7611999511719,283.6598815917969,0.9999481439590454,508.7367858886719,334.085693359375,0.9999583959579468
108,421.68170166015625,397.90325927734375,0.9999747276306152,440.3965148925781,393.779296875,0.9999115467071533,464.7663879394531,396.5580139160156,0.9999111890792847,487.4589538574219,411.4574890136719,0.9999203681945801,428.66680908203125,300.2378234863281,0.9999779462814331,453.6195983886719,274.1390380859375,0.9999902248382568,487.615478515625,283.8904113769531,0.9999643564224243,508.90313720703125,334.4840393066406,0.9999510049819946
109,421.86456298828125,395.6029968261719,0.9999773502349854,440.7174072265625,392.1817932128906,0.9998862743377686,464.8615417480469,397.2408752441406,0.9999300241470337,487.4658203125,411.41717529296875,0.999945878982544,428.66680908203125,300.2410583496094,0.9999772310256958,453.43316650390625,274.1485595703125,0.9999873638153076,487.44927978515625,283.8904113769531,0.9999589920043945,508.7367858886719,334.5364685058594,0.9999618530273438
110,423.2631530761719,398.54156494140625,0.9999674558639526,441.827392578125,393.779296875,0.9999610185623169,465.016357421875,397.42254638671875,0.9999397993087769,487.7252197265625,411.6719055175781,0.9999030828475952,428.5345764160156,300.3996887207031,0.9999761581420898,453.43316650390625,274.1485595703125,0.9999845027923584,487.2868957519531,283.8904113769531,0.9999629259109497,508.5967712402344,334.5364685058594,0.9999635219573975
111,423.8106994628906,399.08135986328125,0.9999740123748779,441.8675231933594,393.779296875,0.9999457597732544,465.29620361328125,397.6686706542969,0.9999520778656006,487.7252197265625,411.67755126953125,0.9999481439590454,428.4654541015625,300.3996887207031,0.9999767541885376,453.6195983886719,274.1485595703125,0.9999868869781494,487.2779235839844,284.4240417480469,0.9999594688415527,508.52197265625,334.7747802734375,0.9999675750732422
112,424.0349426269531,399.08135986328125,0.9999575614929199,441.94635009765625,393.95233154296875,0.9999639987945557,465.6103210449219,397.9001770019531,0.9999672174453735,488.0121154785156,412.66802978515625,0.999930739402771,428.5345764160156,300.3996887207031,0.9999827146530151,453.66058349609375,274.1485595703125,0.9999912977218628,487.2779235839844,283.8904113769531,0.9999563694000244,508.52197265625,334.7747802734375,0.9999440908432007
113,424.0349426269531,399.13330078125,0.9999464750289917,442.0317687988281,394.43328857421875,0.9999697208404541,465.7437438964844,399.24383544921875,0.9999521970748901,488.0121154785156,413.634765625,0.999937891960144,428.4654541015625,300.1603698730469,0.9999798536300659,453.3416442871094,274.3734436035156,0.9999890327453613,487.1146240234375,283.7367248535156,0.9999622106552124,508.52197265625,334.3587341308594,0.9999737739562988
114,424.1540832519531,399.13330078125,0.9999253749847412,442.2637939453125,394.43328857421875,0.9999585151672363,466.8067321777344,399.24383544921875,0.999955415725708,488.6131591796875,413.634765625,0.9998799562454224,428.4350280761719,300.1603698730469,0.9999744892120361,453.66058349609375,274.3734436035156,0.9999889135360718,487.2779235839844,283.7367248535156,0.9999562501907349,508.5967712402344,334.3587341308594,0.999947190284729
115,424.64398193359375,399.13330078125,0.9999383687973022,442.98248291015625,394.1954345703125,0.9999634027481079,466.9038391113281,398.4335021972656,0.9999600648880005,488.69122314453125,412.8352355957031,0.9999332427978516,428.41888427734375,300.1603698730469,0.9999779462814331,453.66644287109375,274.1368103027344,0.9999880790710449,487.5394287109375,283.7367248535156,0.9999579191207886,508.52197265625,334.6601257324219,0.999955415725708
116,424.5338134765625,399.13330078125,0.9999642372131348,443.2400207519531,394.1954345703125,0.9999574422836304,467.0383605957031,398.3924560546875,0.9999477863311768,488.8465576171875,412.66802978515625,0.9999220371246338,428.41888427734375,300.7203369140625,0.9999761581420898,453.66058349609375,274.1368103027344,0.9999823570251465,487.6951904296875,283.7367248535156,0.9999656677246094,508.7461242675781,334.6601257324219,0.9999752044677734
117,424.5338134765625,398.1726989746094,0.9999339580535889,443.2400207519531,394.1954345703125,0.9999700784683228,467.16278076171875,398.3924560546875,0.9999499320983887,488.8465576171875,412.8352355957031,0.999882698059082,428.3881530761719,300.7203369140625,0.9999798536300659,453.4612121582031,274.1368103027344,0.999985933303833,487.5394287109375,283.7367248535156,0.9999580383300781,508.8701477050781,334.6601257324219,0.9999566078186035
118,425.00006103515625,398.1726989746094,0.9999465942382812,443.2400207519531,394.1954345703125,0.9999570846557617,466.9038391113281,398.3924560546875,0.9999415874481201,488.69122314453125,412.8268737792969,0.9999486207962036,428.3881530761719,300.7203369140625,0.9999818801879883,453.5188903808594,274.0171813964844,0.9999880790710449,487.6094055175781,284.3253479003906,0.9999479055404663,508.8701477050781,334.9996643066406,0.9999669790267944
119,425.1195983886719,399.6620178222656,0.9999518394470215,443.2400207519531,394.5083312988281,0.999967098236084,466.9038391113281,398.3924560546875,0.9999558925628662,488.8465576171875,411.7322998046875,0.9999386072158813,428.28179931640625,300.65704345703125,0.9999762773513794,453.5188903808594,274.0171813964844,0.9999868869781494,487.5394287109375,284.3253479003906,0.9999666213989258,508.8505859375,334.9996643066406,0.9999537467956543
120,425.00006103515625,399.6620178222656,0.9999287128448486,443.0166320800781,394.71929931640625,0.9999732971191406,466.8060607910156,398.3924560546875,0.9999595880508423,489.134033203125,412.8268737792969,0.999921441078186,428.14532470703125,300.65704345703125,0.9999711513519287,453.5188903808594,274.0171813964844,0.9999868869781494,487.6094055175781,284.3253479003906,0.9999513626098633,508.8505859375,335.2773132324219,0.999968409538269
121,425.1195983886719,398.50335693359375,0.9999487400054932,443.0166320800781,394.6266174316406,0.9999614953994751,466.8060607910156,398.617919921875,0.9999521970748901,489.250244140625,413.021728515625,0.9999303817749023,428.14532470703125,300.65704345703125,0.9999762773513794,453.71380615234375,274.0171813964844,0.9999837875366211,487.4804992675781,284.4499816894531,0.9999673366546631,508.7843017578125,335.41632080078125,0.9999699592590332
122,425.6109924316406,398.8304443359375,0.9999618530273438,443.0166320800781,394.6266174316406,0.9999725818634033,466.8060607910156,398.617919921875,0.9999573230743408,489.250244140625,413.021728515625,0.9999065399169922,428.14532470703125,301.423095703125,0.9999759197235107,453.71380615234375,274.618896484375,0.9999891519546509,487.4804992675781,285.06060791015625,0.9999488592147827,508.7164001464844,335.78948974609375,0.9999750852584839
123,426.0440979003906,398.8304443359375,0.999914288520813,443.8611755371094,394.6266174316406,0.9999778270721436,467.54888916015625,399.1049499511719,0.9999603033065796,489.47747802734375,413.78302001953125,0.999946117401123,428.14532470703125,301.423095703125,0.9999793767929077,453.7585144042969,274.965576171875,0.9999899864196777,487.4804992675781,285.06060791015625,0.9999383687973022,508.7164001464844,335.8800354003906,0.999983549118042
124,426.7752990722656,398.50335693359375,0.9999361038208008,443.9967346191406,394.8035583496094,0.9999728202819824,467.97930908203125,399.1049499511719,0.9999634027481079,489.4831237792969,413.78302001953125,0.9999220371246338,428.3988342285156,301.50152587890625,0.9999698400497437,453.71380615234375,274.9920959472656,0.9999904632568359,487.4390869140625,285.0933837890625,0.9999548196792603,508.5912780761719,335.9802551269531,0.9999772310256958
125,426.7752990722656,398.8304443359375,0.999956488609314,443.9967346191406,394.8035583496094,0.9999740123748779,467.97930908203125,399.1049499511719,0.9999728202819824,489.87969970703125,413.78302001953125,0.9999446868896484,428.70831298828125,301.423095703125,0.9999722242355347,453.71380615234375,275.0011901855469,0.9999887943267822,487.4390869140625,285.2712097167969,0.9999492168426514,508.5912780761719,336.57208251953125,0.9999744892120361
126,426.8835144042969,399.0316467285156,0.9999474287033081,443.9994812011719,394.92352294921875,0.9999790191650391,468.3489074707031,399.3736572265625,0.9999535083770752,490.1307067871094,414.2801818847656,0.9999479055404663,428.70831298828125,301.46490478515625,0.999974250793457,453.5787048339844,275.0011901855469,0.9999912977218628,487.4390869140625,285.0933837890625,0.9999593496322632,508.7164001464844,335.9802551269531,0.9999792575836182
127,426.8587341308594,399.0316467285156,0.9999454021453857,444.6563415527344,395.5041198730469,0.999969482421875,468.3489074707031,400.3302001953125,0.9999761581420898,490.4945373535156,414.99176025390625,0.999916672706604,428.70831298828125,301.4283752441406,0.9999744892120361,453.6859130859375,275.1158447265625,0.9999884366989136,487.5295715332031,285.0933837890625,0.9999476671218872,508.44915771484375,336.57208251953125,0.9999803304672241
128,426.7752990722656,398.4476318359375,0.9999697208404541,445.0116882324219,395.5041198730469,0.9999732971191406,468.2203674316406,400.3302001953125,0.999980092048645,490.4945373535156,414.99176025390625,0.9999312162399292,428.8575439453125,301.46490478515625,0.9999711513519287,453.6859130859375,275.0011901855469,0.9999850988388062,487.5295715332031,285.0933837890625,0.9999656677246094,508.97711181640625,336.57208251953125,0.9999725818634033
129,426.4275817871094,399.53662109375,0.9999533891677856,445.0116882324219,395.5175476074219,0.9999741315841675,468.2203674316406,400.53802490234375,0.9999692440032959,490.97430419921875,414.99176025390625,0.9999550580978394,429.1408996582031,301.4283752441406,0.9999712705612183,453.99591064453125,274.9075927734375,0.9999896287918091,487.5295715332031,285.0269470214844,0.9999463558197021,508.97711181640625,336.2525634765625,0.9999814033508301
130,426.8587341308594,397.8775634765625,0.9999399185180664,445.1592102050781,395.5041198730469,0.9999672174453735,468.68267822265625,400.3302001953125,0.9999661445617676,491.04034423828125,414.9626770019531,0.9999420642852783,429.1408996582031,301.46490478515625,0.9999727010726929,453.6859130859375,274.9075927734375,0.9999860525131226,487.4236145019531,285.0269470214844,0.9999465942382812,508.8603820800781,336.2525634765625,0.9999756813049316
131,426.4275817871094,397.8775634765625,0.9999550580978394,445.0116882324219,395.5041198730469,0.9999698400497437,468.2730407714844,400.53802490234375,0.9999754428863525,491.04034423828125,414.5993957519531,0.9999372959136963,429.3310852050781,302.0152587890625,0.9999680519104004,453.6859130859375,274.9075927734375,0.9999840259552002,487.4236145019531,285.0269470214844,0.9999685287475586,508.7640075683594,336.2525634765625,0.999976396560669
132,425.6617431640625,398.55084228515625,0.9999585151672363,445.0116882324219,395.5175476074219,0.9999743700027466,468.5667724609375,400.6666564941406,0.999962568283081,491.04034423828125,412.99542236328125,0.9999576807022095,429.36090087890625,302.0152587890625,0.999967098236084,453.712890625,274.7835693359375,0.9999898672103882,487.4000549316406,285.0269470214844,0.9999387264251709,508.7640075683594,336.1905822753906,0.9999817609786987
133,425.1711730957031,399.53662109375,0.9999066591262817,444.87420654296875,395.5175476074219,0.99996018409729,468.68267822265625,400.6666564941406,0.9999736547470093,491.0612487792969,414.5993957519531,0.9999332427978516,429.3310852050781,301.6305236816406,0.9999711513519287,453.6447448730469,274.76959228515625,0.9999896287918091,487.4000549316406,284.7143249511719,0.9999650716781616,508.6836242675781,336.2525634765625,0.9999756813049316
134,425.1711730957031,399.80181884765625,0.9999198913574219,445.1907043457031,396.4081726074219,0.999967098236084,468.5667724609375,400.5850524902344,0.9999750852584839,491.04034423828125,413.64453125,0.999932050704956,429.3199157714844,302.0152587890625,0.9999696016311646,453.6447448730469,274.76959228515625,0.9999887943267822,487.2375183105469,285.1778564453125,0.9999537467956543,508.56597900390625,336.59783935546875,0.999975323677063
135,425.1711730957031,400.2796630859375,0.9999150037765503,445.1907043457031,396.738525390625,0.9999672174453735,468.5667724609375,400.6666564941406,0.9999510049819946,491.0612487792969,414.5993957519531,0.9999299049377441,429.3199157714844,302.0152587890625,0.9999717473983765,453.712890625,274.76959228515625,0.9999897480010986,487.2375183105469,285.1683044433594,0.9999638795852661,508.56597900390625,336.63525390625,0.999981164932251
136,425.63873291015625,400.2796630859375,0.9999415874481201,445.445556640625,396.4081726074219,0.9999678134918213,468.63372802734375,400.6666564941406,0.9999734163284302,491.0612487792969,414.7127990722656,0.9999423027038574,428.9678039550781,301.6305236816406,0.9999716281890869,454.0635986328125,274.7835693359375,0.9999858140945435,487.6864929199219,285.1778564453125,0.9999639987945557,508.56597900390625,336.8511962890625,0.9999794960021973
137,425.1871337890625,400.33831787109375,0.9999595880508423,445.445556640625,396.738525390625,0.9999668598175049,468.88494873046875,401.1966857910156,0.9999798536300659,491.0612487792969,414.87945556640625,0.9999343156814575,428.9678039550781,302.1150817871094,0.999976396560669,454.3282775878906,275.00347900390625,0.999984860420227,487.70745849609375,285.51220703125,0.9999545812606812,508.5697937011719,336.89190673828125,0.9999810457229614
138,425.1871337890625,400.8557434082031,0.9998983144760132,445.445556640625,396.76849365234375,0.9999555349349976,468.63372802734375,401.1966857910156,0.9999687671661377,490.8821105957031,414.87945556640625,0.9999492168426514,428.9678039550781,302.1150817871094,0.9999783039093018,454.3282775878906,275.00347900390625,0.9999879598617554,487.70745849609375,285.67059326171875,0.9999570846557617,508.5697937011719,336.89190673828125,0.9999810457229614
139,425.63873291015625,400.8557434082031,0.9999701976776123,444.9394226074219,396.76849365234375,0.9999415874481201,468.63372802734375,401.1966857910156,0.9999841451644897,490.8821105957031,414.87945556640625,0.9999630451202393,429.4617004394531,301.2577819824219,0.9999728202819824,454.0635986328125,275.00347900390625,0.9999847412109375,487.70745849609375,285.67059326171875,0.9999228715896606,508.6748046875,336.90350341796875,0.9999864101409912
140,425.63873291015625,399.733154296875,0.999953031539917,444.9394226074219,396.40673828125,0.9999681711196899,468.98504638671875,401.26861572265625,0.9999737739562988,490.8821105957031,415.88702392578125,0.9999396800994873,429.4617004394531,301.2577819824219,0.9999748468399048,453.9480285644531,274.7134094238281,0.9999880790710449,487.28125,285.67059326171875,0.999955415725708,508.5697937011719,336.90350341796875,0.9999771118164062
141,426.01910400390625,400.59765625,0.9999431371688843,444.9394226074219,396.76849365234375,0.9999783039093018,468.98504638671875,401.3010559082031,0.9999767541885376,490.8821105957031,415.2172546386719,0.9999645948410034,429.4617004394531,301.4327697753906,0.9999675750732422,453.9480285644531,274.7134094238281,0.9999885559082031,487.28125,285.68292236328125,0.9999489784240723,508.80035400390625,336.90350341796875,0.9999765157699585
142,426.06597900390625,399.733154296875,0.9999376535415649,444.9394226074219,396.76849365234375,0.9999583959579468,469.33563232421875,401.3010559082031,0.9999748468399048,491.4666442871094,415.2172546386719,0.9999595880508423,429.0721435546875,301.4327697753906,0.9999632835388184,453.9480285644531,274.7134094238281,0.9999909400939941,487.28125,285.68292236328125,0.9999594688415527,508.56524658203125,336.90350341796875,0.999983549118042
143,426.3756103515625,399.6926574707031,0.9999610185623169,445.9532775878906,396.40673828125,0.9999585151672363,469.4556579589844,401.3010559082031,0.9999839067459106,491.6847229003906,416.09149169921875,0.9999550580978394,429.052978515625,301.4327697753906,0.9999755620956421,453.2075500488281,274.7979736328125,0.9999862909317017,487.297607421875,285.5334167480469,0.9999489784240723,508.56524658203125,337.1825256347656,0.9999810457229614
144,426.1059265136719,399.733154296875,0.9999432563781738,445.9532775878906,396.4424743652344,0.999957799911499,469.5390930175781,401.3010559082031,0.9999738931655884,491.7727966308594,416.09149169921875,0.9999346733093262,429.052978515625,302.02618408203125,0.9999725818634033,454.0524597167969,275.1366882324219,0.9999889135360718,487.50714111328125,285.9706115722656,0.9999442100524902,508.4809875488281,337.3422546386719,0.9999842643737793
145,426.1059265136719,400.59765625,0.9999433755874634,445.66729736328125,396.863525390625,0.9999703168869019,469.4556579589844,402.258544921875,0.9999597072601318,491.6847229003906,416.09149169921875,0.99994957447052,429.052978515625,301.4327697753906,0.9999709129333496,454.0524597167969,275.1366882324219,0.9999909400939941,487.6208801269531,285.9706115722656,0.9999642372131348,508.1241760253906,337.80059814453125,0.9999817609786987
146,426.1059265136719,400.73187255859375,0.9999622106552124,445.36798095703125,396.863525390625,0.9999520778656006,469.4556579589844,400.9833068847656,0.9999685287475586,491.6847229003906,416.917236328125,0.9999282360076904,428.98785400390625,301.09088134765625,0.999964714050293,453.6211242675781,274.7979736328125,0.9999840259552002,487.6781921386719,285.6188049316406,0.999929666519165,508.1241760253906,337.80059814453125,0.9999842643737793
147,426.12554931640625,401.1580505371094,0.9999686479568481,445.535400390625,396.9830627441406,0.9999545812606812,469.4227600097656,400.9833068847656,0.9999828338623047,491.4835510253906,416.9223327636719,0.9999632835388184,428.98785400390625,301.09088134765625,0.9999727010726929,453.6211242675781,274.7979736328125,0.9999876022338867,487.63641357421875,285.6188049316406,0.9999442100524902,508.2815246582031,337.57598876953125,0.9999821186065674
148,426.12554931640625,401.1580505371094,0.9999582767486572,445.535400390625,396.9830627441406,0.9999418258666992,469.4227600097656,400.9833068847656,0.999975323677063,491.428955078125,416.9223327636719,0.9999598264694214,428.98785400390625,301.09088134765625,0.999964714050293,453.8581848144531,274.8094787597656,0.9999887943267822,487.63641357421875,285.6188049316406,0.9999611377716064,508.2815246582031,337.57598876953125,0.9999834299087524
149,426.704345703125,401.1580505371094,0.9999604225158691,445.66729736328125,396.9830627441406,0.9999603033065796,468.90045166015625,400.9742736816406,0.99997878074646,491.342041015625,416.9223327636719,0.999964714050293,428.98785400390625,300.8056640625,0.9999732971191406,453.6211242675781,274.7817077636719,0.999984860420227,487.751220703125,285.46923828125,0.9999548196792603,508.2799987792969,337.1397399902344,0.9999834299087524
150,426.4787292480469,400.4101867675781,0.9999487400054932,445.88507080078125,396.9830627441406,0.9999697208404541,468.90045166015625,400.9742736816406,0.9999752044677734,490.9461364746094,416.5395812988281,0.9999436140060425,429.05889892578125,300.8056640625,0.999976396560669,453.8581848144531,274.7817077636719,0.9999841451644897,487.64996337890625,285.46923828125,0.9999573230743408,508.2799987792969,337.1397399902344,0.9999797344207764
151,426.4787292480469,400.4101867675781,0.9999463558197021,445.88507080078125,396.9830627441406,0.9999731779098511,468.7227783203125,401.4544677734375,0.9999498128890991,490.72686767578125,416.5395812988281,0.9999514818191528,429.1207275390625,301.8773193359375,0.9999643564224243,453.8894958496094,274.7384338378906,0.9999861717224121,487.63641357421875,285.58392333984375,0.9999374151229858,508.2799987792969,337.57598876953125,0.9999808073043823
152,426.9607849121094,399.1690368652344,0.9999604225158691,445.88507080078125,396.24163818359375,0.9999679327011108,468.7227783203125,401.2785339355469,0.9999843835830688,490.9461364746094,416.380859375,0.9999454021453857,429.05889892578125,301.8773193359375,0.9999639987945557,453.8894958496094,274.7384338378906,0.9999876022338867,487.51678466796875,285.58392333984375,0.9999423027038574,508.2799987792969,338.072021484375,0.9999837875366211
153,426.9607849121094,400.4101867675781,0.9999269247055054,445.65386962890625,396.45062255859375,0.9999501705169678,468.12896728515625,401.2785339355469,0.9999884366989136,491.27587890625,416.5395812988281,0.9999555349349976,429.05889892578125,302.58270263671875,0.9999704360961914,453.8894958496094,274.7384338378906,0.9999834299087524,487.51678466796875,286.3108825683594,0.9999494552612305,508.2799987792969,338.11297607421875,0.9999860525131226
154,426.4787292480469,400.4101867675781,0.9999457597732544,445.56903076171875,396.45062255859375,0.9999682903289795,468.7227783203125,401.2785339355469,0.9999756813049316,491.27587890625,416.5395812988281,0.9999480247497559,428.8878173828125,302.58270263671875,0.9999699592590332,453.8894958496094,274.7384338378906,0.9999868869781494,487.4040222167969,286.3108825683594,0.9999507665634155,508.3411560058594,338.11297607421875,0.9999842643737793
155,426.46380615234375,399.6758728027344,0.9999688863754272,445.2005615234375,396.24163818359375,0.9999721050262451,468.0031433105469,400.32666015625,0.9999716281890869,491.27587890625,415.3083190917969,0.9999570846557617,428.44635009765625,301.8773193359375,0.9999698400497437,453.8894958496094,274.89801025390625,0.9999881982803345,487.4040222167969,285.8367614746094,0.9999561309814453,508.5322570800781,338.11297607421875,0.9999867677688599
156,426.8144226074219,399.6758728027344,0.999944806098938,445.56903076171875,396.24163818359375,0.9999747276306152,469.19110107421875,400.32666015625,0.9999572038650513,491.27587890625,415.3083190917969,0.9999300241470337,428.44635009765625,302.1170349121094,0.9999780654907227,453.91302490234375,274.94012451171875,0.9999903440475464,487.4040222167969,286.27752685546875,0.9999610185623169,508.3411560058594,337.59930419921875,0.9999854564666748
157,426.46380615234375,400.9981994628906,0.999934196472168,445.55401611328125,396.45062255859375,0.9999697208404541,468.4006042480469,400.32666015625,0.9999600648880005,491.2149963378906,416.1834411621094,0.9999204874038696,428.44635009765625,301.73248291015625,0.9999771118164062,453.91302490234375,274.89801025390625,0.9999867677688599,487.4040222167969,285.8367614746094,0.9999516010284424,508.3411560058594,337.59930419921875,0.9999827146530151
158,426.3402404785156,400.5635986328125,0.9999597072601318,445.2005615234375,396.46002197265625,0.9999663829803467,468.6363830566406,400.8988342285156,0.999982476234436,491.2149963378906,415.4061279296875,0.9999620914459229,428.6445617675781,301.6827697753906,0.9999713897705078,453.91302490234375,274.1866760253906,0.9999871253967285,487.5141296386719,285.4398498535156,0.9999383687973022,508.354248046875,337.59930419921875,0.9999845027923584
159,426.1971130371094,400.5635986328125,0.9999713897705078,445.2005615234375,396.46002197265625,0.9999644756317139,468.4006042480469,400.8988342285156,0.9999845027923584,491.2149963378906,415.4061279296875,0.9999359846115112,428.8341369628906,301.6827697753906,0.9999681711196899,454.11474609375,274.94012451171875,0.9999877214431763,487.5577087402344,285.8367614746094,0.9999641180038452,508.354248046875,337.59930419921875,0.9999828338623047
160,425.999755859375,400.5635986328125,0.9999604225158691,445.345947265625,396.46002197265625,0.9999711513519287,468.51812744140625,401.6297607421875,0.9999706745147705,491.5039367675781,416.1834411621094,0.9999306201934814,428.891845703125,301.60382080078125,0.9999688863754272,454.11474609375,274.8848876953125,0.9999871253967285,487.5577087402344,285.8631591796875,0.9999610185623169,508.162109375,337.62347412109375,0.9999834299087524
161,425.999755859375,400.04638671875,0.9999275207519531,445.345947265625,396.46002197265625,0.9999743700027466,468.4006042480469,401.6297607421875,0.9999659061431885,491.5039367675781,415.8004455566406,0.9999361038208008,428.891845703125,301.60382080078125,0.9999780654907227,454.11474609375,274.8848876953125,0.9999865293502808,487.2851867675781,285.8392333984375,0.9999445676803589,508.354248046875,337.62347412109375,0.9999839067459106
162,425.999755859375,399.57244873046875,0.999922513961792,445.3313293457031,396.46002197265625,0.9999700784683228,468.51812744140625,401.3014831542969,0.9999741315841675,491.5039367675781,415.4061279296875,0.9999558925628662,428.891845703125,301.60382080078125,0.9999725818634033,453.8251647949219,274.95404052734375,0.9999867677688599,487.7147216796875,285.8392333984375,0.9999563694000244,508.35052490234375,337.62347412109375,0.999984622001648
163,426.0400085449219,399.57244873046875,0.9999500513076782,445.345947265625,396.3431091308594,0.9999760389328003,468.51812744140625,401.3014831542969,0.9999899864196777,491.25836181640625,414.27008056640625,0.9999618530273438,428.891845703125,301.6025390625,0.9999637603759766,454.10723876953125,274.95404052734375,0.9999886751174927,487.72222900390625,285.8392333984375,0.9999603033065796,508.35052490234375,337.537841796875,0.9999818801879883
164,426.0400085449219,399.83447265625,0.9999269247055054,445.345947265625,396.66937255859375,0.9999662637710571,468.7997741699219,401.6297607421875,0.99997878074646,491.25836181640625,415.8004455566406,0.9999405145645142,429.1470642089844,301.61199951171875,0.9999653100967407,454.10723876953125,274.8848876953125,0.9999902248382568,487.2794189453125,285.6083068847656,0.9999539852142334,508.4327087402344,337.62347412109375,0.9999850988388062
165,426.21099853515625,399.83447265625,0.9999523162841797,446.18585205078125,396.66937255859375,0.9999717473983765,468.8160705566406,401.3014831542969,0.9999796152114868,491.25836181640625,414.4850158691406,0.9999490976333618,428.7939758300781,302.4392395019531,0.9999749660491943,453.8440246582031,274.86334228515625,0.9999852180480957,487.50994873046875,285.6083068847656,0.9999637603759766,508.4327087402344,337.4333190917969,0.999977707862854
166,426.1427001953125,399.9952087402344,0.9999562501907349,445.3313293457031,396.66937255859375,0.9999614953994751,468.8160705566406,401.3014831542969,0.9999793767929077,491.25836181640625,414.4850158691406,0.9999538660049438,428.7939758300781,302.204345703125,0.9999575614929199,453.8440246582031,274.86334228515625,0.9999840259552002,487.62701416015625,285.6083068847656,0.9999600648880005,508.35052490234375,337.76190185546875,0.999984860420227
167,426.21099853515625,399.9952087402344,0.9999288320541382,445.40484619140625,396.3431091308594,0.9999641180038452,468.7997741699219,401.3224182128906,0.9999574422836304,491.25836181640625,417.5548095703125,0.9999040365219116,428.21405029296875,302.204345703125,0.9999709129333496,453.8440246582031,274.86334228515625,0.9999890327453613,487.50994873046875,285.6083068847656,0.999954342842102,508.2544250488281,338.048583984375,0.9999809265136719
168,426.1427001953125,399.9952087402344,0.9999685287475586,445.0736999511719,396.72174072265625,0.9999696016311646,468.5911865234375,402.0298767089844,0.9999783039093018,491.00439453125,417.5548095703125,0.999976396560669,428.7939758300781,302.4392395019531,0.9999744892120361,453.8440246582031,274.86334228515625,0.9999887943267822,487.50994873046875,285.6783142089844,0.9999455213546753,508.16094970703125,338.048583984375,0.9999871253967285
169,426.21099853515625,399.5447692871094,0.9999514818191528,445.19610595703125,395.8442077636719,0.9999731779098511,468.5881652832031,401.3224182128906,0.9999767541885376,491.00439453125,415.5599365234375,0.9999679327011108,428.1016540527344,302.4392395019531,0.999977707862854,453.6733093261719,275.02178955078125,0.9999911785125732,487.57000732421875,285.6783142089844,0.999961256980896,508.0403747558594,337.74603271484375,0.9999841451644897
170,426.1427001953125,399.5447692871094,0.9999105930328369,445.0621337890625,396.4778137207031,0.9999667406082153,468.5881652832031,401.3224182128906,0.9999834299087524,490.9435729980469,416.3533935546875,0.9999221563339233,428.1016540527344,302.39996337890625,0.9999569654464722,453.53179931640625,275.056640625,0.9999867677688599,487.57000732421875,285.6783142089844,0.9999562501907349,508.16094970703125,337.74603271484375,0.9999850988388062
171,425.9083557128906,399.5447692871094,0.9999352693557739,445.19610595703125,396.4778137207031,0.999976396560669,468.5911865234375,401.103271484375,0.9999545812606812,491.00439453125,415.63995361328125,0.9999337196350098,428.19744873046875,302.39996337890625,0.9999712705612183,453.53179931640625,275.056640625,0.9999897480010986,487.45556640625,285.6783142089844,0.9999569654464722,508.16094970703125,337.580322265625,0.9999814033508301
172,425.4304504394531,400.4456481933594,0.9999486207962036,445.0621337890625,396.4778137207031,0.9999604225158691,468.1776428222656,401.103271484375,0.999971866607666,491.00439453125,415.5599365234375,0.9999591112136841,428.34210205078125,302.39996337890625,0.999974250793457,453.53179931640625,275.056640625,0.9999895095825195,487.57000732421875,285.6783142089844,0.999954342842102,508.20989990234375,337.24371337890625,0.9999827146530151
173,425.3927917480469,400.4456481933594,0.9999655485153198,445.0621337890625,395.43341064453125,0.9999691247940063,468.1776428222656,400.7460021972656,0.9999756813049316,490.9435729980469,415.10809326171875,0.9999418258666992,428.34210205078125,302.095947265625,0.9999713897705078,453.53179931640625,275.056640625,0.9999878406524658,487.57000732421875,285.3932189941406,0.9999480247497559,508.42303466796875,337.16943359375,0.9999837875366211
174,425.33514404296875,400.4456481933594,0.9999104738235474,444.0755920410156,395.43341064453125,0.9999779462814331,466.5663757324219,400.7460021972656,0.9999898672103882,488.8836669921875,415.10809326171875,0.9999195337295532,428.34210205078125,301.9300231933594,0.9999649524688721,453.8019104003906,274.9769287109375,0.9999905824661255,487.4918212890625,285.3932189941406,0.9999468326568604,508.42303466796875,337.16943359375,0.9999842643737793
175,424.78692626953125,398.9638366699219,0.999889612197876,443.57257080078125,395.0998840332031,0.9999672174453735,466.115478515625,400.14593505859375,0.9999719858169556,488.7362976074219,414.0824890136719,0.9999107122421265,428.8450622558594,301.2008056640625,0.9999704360961914,453.8190612792969,274.697265625,0.9999855756759644,487.60516357421875,285.3932189941406,0.9999562501907349,508.42303466796875,337.24371337890625,0.9999827146530151
176,424.7292785644531,398.43719482421875,0.9999423027038574,442.919189453125,394.4666442871094,0.9999727010726929,466.0950927734375,399.3456115722656,0.9999473094940186,488.6908264160156,413.8780822753906,0.9999210834503174,429.2140808105469,300.83013916015625,0.9999783039093018,453.9367370605469,274.697265625,0.9999808073043823,487.64605712890625,285.2672424316406,0.999958872795105,508.4419250488281,337.1632080078125,0.9999842643737793
177,423.1123962402344,398.27880859375,0.9999570846557617,441.97515869140625,394.4664001464844,0.9999663829803467,464.9084167480469,399.23773193359375,0.99994957447052,487.17901611328125,413.5695495605469,0.9999547004699707,428.8450622558594,300.485107421875,0.9999719858169556,453.9458312988281,274.3590087890625,0.9999834299087524,487.8760681152344,285.19000244140625,0.9999483823776245,508.56781005859375,337.15380859375,0.9999843835830688
178,422.93865966796875,397.8907165527344,0.9999704360961914,441.1889953613281,394.3335876464844,0.9999653100967407,464.05670166015625,399.23773193359375,0.9999192953109741,487.1400451660156,413.5695495605469,0.9999433755874634,428.4228820800781,300.4621887207031,0.9999675750732422,454.1290283203125,274.2996826171875,0.9999845027923584,487.8760681152344,284.7069396972656,0.999943733215332,508.4419250488281,336.2107238769531,0.9999780654907227
179,420.6981201171875,397.8907165527344,0.9999823570251465,439.4963073730469,393.9142150878906,0.9998853206634521,462.7475891113281,399.23773193359375,0.9999490976333618,485.677978515625,413.5695495605469,0.9999649524688721,428.4228820800781,300.4548645019531,0.9999650716781616,454.1290283203125,274.4378967285156,0.9999831914901733,488.1275939941406,284.6360168457031,0.999927282333374,508.5466003417969,336.0712585449219,0.999972939491272
180,419.26934814453125,396.86865234375,0.9999841451644897,438.417236328125,393.9142150878906,0.9999350309371948,462.2057800292969,399.3456115722656,0.9999446868896484,485.0595397949219,413.8780822753906,0.9999656677246094,427.8697509765625,300.2289123535156,0.9999740123748779,453.9458312988281,274.2996826171875,0.999982476234436,488.1323547363281,284.5880432128906,0.9999624490737915,508.4419250488281,335.9320068359375,0.9999799728393555
181,418.8889465332031,396.4906005859375,0.9999803304672241,437.9073486328125,393.7449645996094,0.9999488592147827,460.90899658203125,398.8246765136719,0.9999703168869019,483.0288391113281,414.4421691894531,0.9999691247940063,427.7314758300781,299.2891540527344,0.9999772310256958,453.8211669921875,274.0820617675781,0.9999858140945435,488.1323547363281,284.4580383300781,0.9999396800994873,508.2072448730469,335.7353210449219,0.999976634979248
182,416.8987121582031,396.4906005859375,0.9999827146530151,434.8040466308594,393.3809814453125,0.9999750852584839,459.4158020019531,398.8246765136719,0.9999245405197144,482.1209716796875,414.4421691894531,0.9999500513076782,427.8697509765625,299.2891540527344,0.9999798536300659,453.8211669921875,274.0820617675781,0.999985933303833,488.1323547363281,284.12188720703125,0.9999598264694214,508.2072448730469,335.6232604980469,0.9999697208404541
183,413.5641784667969,396.0153503417969,0.9999595880508423,432.6360168457031,391.74755859375,0.9999508857727051,457.47723388671875,397.154296875,0.9999334812164307,481.23516845703125,413.1567687988281,0.9999644756317139,427.660400390625,299.07427978515625,0.9999687671661377,453.5810546875,274.1184997558594,0.999983549118042,488.1405334472656,283.73260498046875,0.9999512434005737,508.396484375,335.12847900390625,0.9999666213989258
184,412.8797302246094,393.31256103515625,0.9999467134475708,431.7784729003906,391.7459411621094,0.9999231100082397,456.68804931640625,397.15264892578125,0.9999321699142456,479.3786926269531,413.1567687988281,0.9999337196350098,427.4271240234375,297.8830871582031,0.9999767541885376,453.6373596191406,273.8289794921875,0.9999783039093018,488.4244079589844,283.642822265625,0.9999339580535889,508.396484375,334.6666259765625,0.9999617338180542
185,412.5679626464844,392.2654113769531,0.9999797344207764,430.7200012207031,389.9482116699219,0.9999738931655884,455.3626708984375,395.73394775390625,0.9999052286148071,478.60223388671875,412.8539733886719,0.9999175071716309,427.660400390625,297.829345703125,0.9999675750732422,453.8211669921875,273.8289794921875,0.9999879598617554,488.7513427734375,282.6061706542969,0.9999299049377441,508.4168395996094,334.2552185058594,0.9999359846115112
186,410.5227355957031,391.59771728515625,0.9999693632125854,429.9556579589844,388.89471435546875,0.9999644756317139,454.3565673828125,393.67913818359375,0.9999403953552246,477.48785400390625,410.68109130859375,0.9999390840530396,427.331787109375,297.829345703125,0.9999746084213257,453.6373596191406,273.7191162109375,0.9999808073043823,488.9903869628906,282.3332824707031,0.9998993873596191,508.918701171875,333.7667236328125,0.9999427795410156
187,410.2791748046875,389.081298828125,0.999982476234436,429.2716064453125,387.1546325683594,0.9999773502349854,453.3337707519531,393.376708984375,0.9999445676803589,475.37335205078125,410.40960693359375,0.9999454021453857,427.331787109375,296.47021484375,0.9999769926071167,453.6373596191406,272.8147888183594,0.9999740123748779,489.10546875,281.7322998046875,0.9998830556869507,508.9945068359375,333.7041320800781,0.9999414682388306
188,408.01116943359375,389.05194091796875,0.9999858140945435,426.5246887207031,387.07073974609375,0.9999656677246094,452.13616943359375,392.7206726074219,0.99986732006073,475.2081298828125,409.50537109375,0.9999144077301025,427.99609375,295.5047912597656,0.9999806880950928,453.6373596191406,272.7571716308594,0.9999657869338989,489.12554931640625,281.6578369140625,0.9998644590377808,509.5544128417969,333.6574401855469,0.999903678894043
189,406.0117492675781,388.0474853515625,0.999993085861206,424.26171875,384.9705810546875,0.9999508857727051,450.1529846191406,390.847412109375,0.9998940229415894,474.70318603515625,408.4493103027344,0.9998831748962402,428.2572326660156,295.4112548828125,0.9999847412109375,453.6602783203125,272.0489807128906,0.9999604225158691,489.61492919921875,281.41717529296875,0.9998451471328735,509.5790710449219,333.6556091308594,0.9998966455459595
190,405.8895263671875,384.3286437988281,0.9999786615371704,424.1975402832031,381.66925048828125,0.9998130202293396,450.01068115234375,387.50726318359375,0.9998749494552612,474.5348205566406,405.5380554199219,0.9999624490737915,428.487548828125,293.86724853515625,0.9999895095825195,453.6602783203125,272.0133361816406,0.9999654293060303,489.67266845703125,280.33331298828125,0.9999092817306519,509.6732482910156,333.36553955078125,0.9998900890350342
191,403.6299133300781,383.8257141113281,0.9999743700027466,422.6128845214844,380.8689880371094,0.9999221563339233,448.9629821777344,387.4801940917969,0.9998534917831421,473.3011474609375,404.7120361328125,0.9999496936798096,429.6197814941406,293.81463623046875,0.9999879598617554,454.2292785644531,271.66668701171875,0.9999723434448242,490.03265380859375,280.3004455566406,0.9999198913574219,510.0630187988281,332.8232727050781,0.9999215602874756
192,403.0610656738281,381.9216003417969,0.9999839067459106,422.6128845214844,379.8034973144531,0.9998902082443237,447.8939208984375,386.01861572265625,0.9998258948326111,473.29644775390625,403.76361083984375,0.9999295473098755,431.1602478027344,292.6004638671875,0.9999752044677734,454.3089904785156,271.477294921875,0.9999593496322632,490.03265380859375,279.8759765625,0.9999330043792725,510.0630187988281,332.44769287109375,0.9999150037765503
193,403.0610656738281,381.0554504394531,0.9999642372131348,422.6128845214844,378.3592529296875,0.9998726844787598,447.253173828125,384.4752502441406,0.9998492002487183,473.1749572753906,403.76361083984375,0.9999080896377563,432.04193115234375,292.1410217285156,0.9999868869781494,456.6077880859375,271.477294921875,0.9999203681945801,490.03265380859375,279.8759765625,0.9999502897262573,510.0630187988281,331.83074951171875,0.9999356269836426
194,402.83819580078125,381.0554504394531,0.9999678134918213,422.6128845214844,378.3592529296875,0.9998430013656616,447.1279602050781,384.4752502441406,0.9998856782913208,472.216064453125,403.76361083984375,0.9999271631240845,432.4865417480469,292.1410217285156,0.999993085861206,456.6204528808594,271.66668701171875,0.9999274015426636,489.4828796386719,279.8759765625,0.999943733215332,509.9452209472656,331.7573547363281,0.9999188184738159
195,403.0610656738281,380.9505920410156,0.9999711513519287,422.6128845214844,377.884033203125,0.9999090433120728,446.20953369140625,383.8238830566406,0.9999438524246216,471.2266540527344,402.97198486328125,0.9999327659606934,434.4449462890625,290.8887023925781,0.9999973773956299,460.7397766113281,273.2143249511719,0.9999873638153076,489.4828796386719,280.2437744140625,0.9999080896377563,509.9452209472656,330.6986999511719,0.9998959302902222
196,403.9264831542969,378.9665832519531,0.999933123588562,422.5877380371094,377.79632568359375,0.9999368190765381,444.99713134765625,383.520263671875,0.9999216794967651,469.77459716796875,403.2430419921875,0.9999390840530396,435.07171630859375,290.8887023925781,0.9999966621398926,461.7440490722656,273.2403259277344,0.9999727010726929,489.4828796386719,280.2437744140625,0.9998995065689087,509.9452209472656,330.6986999511719,0.9999008178710938
197,403.9264831542969,378.9665832519531,0.999967098236084,422.56256103515625,377.79632568359375,0.9999241828918457,444.57275390625,383.520263671875,0.9999598264694214,469.77459716796875,403.2430419921875,0.99996018409729,435.3512268066406,289.5457458496094,0.9999942779541016,464.2596740722656,273.2403259277344,0.999972939491272,489.86370849609375,280.2494201660156,0.9998531341552734,512.0142822265625,330.6986999511719,0.9999579191207886
198,403.9264831542969,378.9665832519531,0.9999632835388184,422.56256103515625,376.82684326171875,0.99991774559021,444.57275390625,382.7578430175781,0.9999485015869141,469.77459716796875,402.3475646972656,0.9999780654907227,436.5447082519531,288.9833068847656,0.9999916553497314,466.339599609375,273.2403259277344,0.9999830722808838,490.5616760253906,280.2437744140625,0.9999488592147827,513.2937622070312,330.99853515625,0.999964714050293
199,403.9264831542969,378.0633544921875,0.9999338388442993,422.56256103515625,376.3997802734375,0.9997928738594055,444.57275390625,382.1447448730469,0.9998794794082642,471.46429443359375,401.9461669921875,0.999863862991333,437.8448486328125,287.0883483886719,0.9999896287918091,466.8200378417969,272.8253173828125,0.9999877214431763,491.4491882324219,278.66204833984375,0.999911904335022,516.6216430664062,331.8936462402344,0.9999741315841675
200,403.9264831542969,375.6557312011719,0.9999593496322632,421.74957275390625,374.77252197265625,0.9999598264694214,444.99639892578125,381.4095458984375,0.9999064207077026,471.46429443359375,400.5860900878906,0.9998036026954651,438.70355224609375,283.69622802734375,0.9999920129776001,466.9565734863281,272.6026306152344,0.9999847412109375,493.1556091308594,278.66204833984375,0.9999368190765381,519.7382202148438,331.8936462402344,0.9999440908432007
201,404.8695068359375,373.3731384277344,0.9999638795852661,421.74957275390625,372.420166015625,0.9999810457229614,444.99639892578125,379.8023376464844,0.9999480247497559,472.0561828613281,400.1747741699219,0.9998618364334106,439.7951354980469,283.6928405761719,0.9999887943267822,469.97821044921875,271.81292724609375,0.9999829530715942,494.2221374511719,278.66204833984375,0.9999508857727051,520.4931640625,330.99853515625,0.9999567270278931
202,404.8695068359375,372.2511901855469,0.9999794960021973,425.2549743652344,371.9867248535156,0.9999799728393555,446.94195556640625,377.4460754394531,0.9999243021011353,472.4450988769531,398.2432556152344,0.9999206066131592,442.327392578125,282.11590576171875,0.9999771118164062,472.58819580078125,271.8040466308594,0.999947190284729,494.73785400390625,278.66204833984375,0.9997617602348328,521.893798828125,330.8352355957031,0.9998488426208496
203,404.8695068359375,371.9219665527344,0.999900221824646,425.2549743652344,371.63421630859375,0.9999693632125854,448.86566162109375,379.8023376464844,0.999680757522583,475.10430908203125,400.1747741699219,0.9998786449432373,443.7851867675781,281.10089111328125,0.9999707937240601,475.72369384765625,271.13995361328125,0.9999544620513916,496.8705749511719,279.0809631347656,0.9999613761901855,523.5645141601562,329.7890930175781,0.9998058676719666
204,408.23828125,371.13018798828125,0.9999518394470215,427.1252746582031,371.46905517578125,0.9998612403869629,449.1840515136719,377.5797424316406,0.9991468191146851,475.51788330078125,398.2432556152344,0.9997990727424622,447.9618225097656,279.45147705078125,0.9999810457229614,478.0188293457031,270.67657470703125,0.9999431371688843,498.8050231933594,280.0960998535156,0.9999637603759766,525.3776245117188,329.7890930175781,0.9997411370277405
205,408.9981689453125,371.13018798828125,0.9998815059661865,427.55902099609375,371.46905517578125,0.9999576807022095,449.51177978515625,377.5797424316406,0.9997254014015198,476.5604553222656,398.2432556152344,0.999956488609314,448.32257080078125,279.19866943359375,0.9999825954437256,479.03656005859375,270.67657470703125,0.9999454021453857,501.819580078125,280.0960998535156,0.9999490976333618,529.4541625976562,329.7890930175781,0.9999505281448364
206,413.0870056152344,370.7685852050781,0.9999557733535767,431.27874755859375,371.46905517578125,0.9999446868896484,453.7171325683594,378.9533386230469,0.9998587369918823,477.9021911621094,399.78240966796875,0.999894380569458,451.15423583984375,279.01226806640625,0.9999959468841553,482.6498107910156,270.67657470703125,0.999993085861206,504.64349365234375,281.5473327636719,0.9998371601104736,529.6998901367188,332.4632568359375,0.9999583959579468
207,413.4921569824219,369.80206298828125,0.9999710321426392,431.6758728027344,371.46905517578125,0.9999731779098511,455.27532958984375,378.9533386230469,0.9998914003372192,480.122802734375,399.78240966796875,0.9999116659164429,454.0720520019531,277.9510803222656,0.9999966621398926,485.90887451171875,270.6117858886719,0.9999884366989136,508.1340026855469,281.5473327636719,0.9999110698699951,531.3309936523438,332.4632568359375,0.9999785423278809
208,416.8717346191406,369.2803039550781,0.9999126195907593,436.9161682128906,371.505859375,0.9999791383743286,458.289794921875,378.9533386230469,0.9999027252197266,481.3365478515625,399.78240966796875,0.9999426603317261,456.7623596191406,277.7377014160156,0.9999881982803345,488.05029296875,270.30682373046875,0.9999673366546631,510.6509094238281,281.7432861328125,0.9998574256896973,534.3955078125,332.9522399902344,0.9999790191650391
209,419.7223205566406,369.0752258300781,0.9999066591262817,440.2187194824219,371.505859375,0.9997230172157288,462.140869140625,378.9533386230469,0.9999033212661743,485.8353576660156,400.2396240234375,0.9998719692230225,459.8593444824219,277.6601257324219,0.9999914169311523,491.2190246582031,270.6117858886719,0.9999520778656006,513.4827270507812,283.6739807128906,0.9999240636825562,536.7827758789062,333.2727355957031,0.9999510049819946
210,423.93548583984375,368.6394348144531,0.9999465942382812,440.8806457519531,369.5343322753906,0.9999583959579468,462.7107849121094,378.061279296875,0.999845027923584,486.4044494628906,400.2396240234375,0.999940037727356,464.98687744140625,277.61309814453125,0.999993085861206,495.316162109375,270.6117858886719,0.9999760389328003,518.3164672851562,283.6739807128906,0.999947190284729,539.6626586914062,335.1244201660156,0.9999054670333862
211,425.5116882324219,367.7944641113281,0.9999066591262817,443.66485595703125,369.2142028808594,0.9999661445617676,467.69183349609375,377.99578857421875,0.9998795986175537,491.4295654296875,399.38037109375,0.9999641180038452,467.3471984863281,277.25946044921875,0.9999971389770508,498.7271728515625,271.0055847167969,0.9999874830245972,522.8521118164062,284.4475402832031,0.9998776912689209,543.6129150390625,335.228271484375,0.9999228715896606
212,428.65667724609375,368.6394348144531,0.9998810291290283,450.8009033203125,369.5343322753906,0.9999665021896362,471.7518615722656,378.061279296875,0.9998308420181274,493.63909912109375,400.98822021484375,0.9999021291732788,471.39483642578125,277.195556640625,0.9999923706054688,502.4254150390625,272.005126953125,0.999958872795105,525.8082275390625,285.29571533203125,0.9999099969863892,546.8165893554688,336.83831787109375,0.9999722242355347
213,430.4379577636719,368.6394348144531,0.9998883008956909,450.876220703125,369.5343322753906,0.9998866319656372,474.5418395996094,378.061279296875,0.9998182654380798,497.8599853515625,400.98822021484375,0.999922513961792,473.4394226074219,276.3818359375,0.9999892711639404,504.7529296875,272.8034973144531,0.9999462366104126,529.7041015625,286.7403259277344,0.9999709129333496,549.9671630859375,337.100830078125,0.9999672174453735
214,433.1722717285156,368.8838195800781,0.9999724626541138,451.96905517578125,370.5707702636719,0.9999772310256958,474.64007568359375,379.0526123046875,0.9998979568481445,498.04290771484375,401.7931823730469,0.9999388456344604,478.98358154296875,276.36358642578125,0.9999842643737793,511.5768737792969,272.82513427734375,0.999980092048645,534.7150268554688,286.8328857421875,0.9999508857727051,553.198486328125,338.82989501953125,0.9999576807022095
215,437.2245788574219,368.8838195800781,0.9999686479568481,458.2473449707031,370.6258544921875,0.999958872795105,480.5653076171875,380.7161560058594,0.9998325109481812,503.49169921875,404.9475402832031,0.999915361404419,483.79071044921875,276.36358642578125,0.9999972581863403,514.8685913085938,273.3289489746094,0.9999881982803345,540.1380004882812,288.44232177734375,0.9999653100967407,556.565185546875,339.9721374511719,0.9999690055847168
216,439.0842590332031,368.92608642578125,0.9999340772628784,460.316650390625,371.98870849609375,0.9999536275863647,482.0356750488281,381.9051818847656,0.9999350309371948,504.2160949707031,405.02471923828125,0.9999328851699829,487.4310302734375,276.3818359375,0.9999946355819702,519.0484619140625,273.9295349121094,0.9999639987945557,544.6946411132812,289.16339111328125,0.9999550580978394,559.2991333007812,342.035400390625,0.9999642372131348
217,442.93292236328125,368.8838195800781,0.9997316002845764,464.3123474121094,372.5148010253906,0.9999066591262817,486.69415283203125,383.05902099609375,0.99983811378479,508.2624816894531,405.9800109863281,0.9999387264251709,491.7669982910156,278.1617126464844,0.9999896287918091,523.6314697265625,275.856689453125,0.9999899864196777,549.5584106445312,290.0205078125,0.9999804496765137,565.6949462890625,343.97222900390625,0.9999656677246094
218,447.59735107421875,368.92608642578125,0.9999454021453857,470.3289489746094,373.8262023925781,0.9999300241470337,492.061279296875,384.9109802246094,0.9999502897262573,514.3350219726562,406.035888671875,0.9999620914459229,496.7439270019531,278.2874450683594,0.999992847442627,529.3697509765625,275.9363708496094,0.9999915361404419,555.4422607421875,293.4577941894531,0.9999819993972778,569.8446044921875,345.6343078613281,0.9999209642410278
219,453.6493835449219,370.0306701660156,0.999962568283081,472.2861328125,374.781982421875,0.999930739402771,494.2237548828125,385.5110168457031,0.9999234676361084,516.56787109375,408.4761962890625,0.9999240636825562,503.07818603515625,278.35406494140625,0.9999936819076538,535.4442138671875,276.1639099121094,0.9999815225601196,561.6292114257812,295.1706848144531,0.9999749660491943,574.072998046875,348.23956298828125,0.9999077320098877
220,456.6689453125,371.0218505859375,0.9999260902404785,477.2598571777344,376.5778503417969,0.9998195767402649,499.852783203125,389.6346435546875,0.999955415725708,520.5275268554688,413.4508972167969,0.9998925924301147,508.4859619140625,279.9912414550781,0.9999756813049316,541.412841796875,277.9697265625,0.9999884366989136,567.1234130859375,298.44708251953125,0.9999638795852661,576.9349365234375,351.625244140625,0.9999511241912842
221,460.9698181152344,371.0218505859375,0.9999206066131592,483.7762756347656,377.4413757324219,0.9998966455459595,504.3248291015625,390.2452087402344,0.9998987913131714,526.32666015625,414.0887145996094,0.9998961687088013,515.0299072265625,280.2935791015625,0.9999887943267822,547.3271484375,278.3006591796875,0.9999865293502808,574.6564331054688,300.7464294433594,0.9999368190765381,583.5277099609375,353.14862060546875,0.9999475479125977
222,466.7939453125,371.79083251953125,0.9999566078186035,488.31439208984375,379.7440185546875,0.9998695850372314,509.41302490234375,392.5606384277344,0.9999352693557739,528.7897338867188,416.45916748046875,0.9999351501464844,519.2877807617188,282.6590270996094,0.9999901056289673,553.7137451171875,281.5267028808594,0.999945878982544,578.9119873046875,303.3900451660156,0.9999756813049316,586.7894897460938,356.8930969238281,0.9999610185623169
223,470.38525390625,372.71484375,0.9999526739120483,491.10064697265625,380.9425048828125,0.9999406337738037,511.5588684082031,394.1412353515625,0.9999074935913086,530.5707397460938,417.3118896484375,0.9999592304229736,525.45068359375,284.82135009765625,0.9999576807022095,557.8031616210938,282.1548767089844,0.9999443292617798,586.2221069335938,307.0816955566406,0.999974250793457,591.6992797851562,358.2586364746094,0.9999644756317139
224,472.12554931640625,375.6042785644531,0.9997468590736389,492.8006286621094,382.0801696777344,0.9998819828033447,514.0794067382812,395.3896789550781,0.9998413324356079,532.8258666992188,419.6477355957031,0.9999377727508545,530.2168579101562,286.2041931152344,0.9999889135360718,563.2224731445312,286.2818603515625,0.9999877214431763,589.8634033203125,309.30169677734375,0.999980092048645,594.76513671875,361.3853759765625,0.9999661445617676
225,474.7998962402344,375.6042785644531,0.9998452663421631,496.89263916015625,382.85626220703125,0.9998661279678345,517.5990600585938,396.7506103515625,0.9998856782913208,536.8358764648438,421.9606628417969,0.9999082088470459,532.6976318359375,286.2041931152344,0.9999915361404419,565.7656860351562,286.9482421875,0.9999804496765137,592.8056030273438,309.36114501953125,0.9999798536300659,597.6715698242188,362.92474365234375,0.9999719858169556
226,479.0089111328125,375.6042785644531,0.9998519420623779,501.44708251953125,382.9439697265625,0.999859094619751,519.8115234375,396.95709228515625,0.9999372959136963,537.1799926757812,422.2311096191406,0.9999147653579712,535.5508422851562,287.1116638183594,0.9999856948852539,569.1778564453125,287.6259460449219,0.9999065399169922,594.6168823242188,312.00213623046875,0.9999699592590332,599.72314453125,365.17919921875,0.9999604225158691
227,479.7049560546875,375.35369873046875,0.9998268485069275,502.7440185546875,382.85626220703125,0.9999040365219116,523.2654418945312,396.95709228515625,0.9998570680618286,540.4429931640625,422.2311096191406,0.9998132586479187,538.7858276367188,287.1116638183594,0.9999582767486572,571.52880859375,287.6259460449219,0.9999415874481201,596.8101806640625,312.0509338378906,0.9999638795852661,601.5880126953125,365.17919921875,0.9999107122421265
228,479.7049560546875,375.33477783203125,0.9995577931404114,502.7440185546875,382.192138671875,0.9997145533561707,523.2654418945312,395.65667724609375,0.9999088048934937,542.5037841796875,419.6477355957031,0.9998685121536255,538.7858276367188,286.0440979003906,0.999969482421875,571.52880859375,286.9482421875,0.9999600648880005,596.8101806640625,312.0509338378906,0.9999258518218994,601.5880126953125,365.17919921875,0.9998557567596436
229,479.7049560546875,375.25537109375,0.9999480247497559,501.44708251953125,382.192138671875,0.9998608827590942,523.2640380859375,396.07415771484375,0.9998685121536255,540.4429931640625,421.8559265136719,0.9999146461486816,538.7858276367188,285.7953186035156,0.9999682903289795,571.52880859375,286.73736572265625,0.9999465942382812,596.8101806640625,312.00213623046875,0.9999644756317139,601.5880126953125,364.1740417480469,0.9998737573623657
230,479.35302734375,374.6989440917969,0.9999514818191528,500.2025451660156,381.3663635253906,0.9999148845672607,523.2640380859375,395.65667724609375,0.9999094009399414,540.4429931640625,419.3354797363281,0.9999418258666992,537.5783081054688,284.53936767578125,0.9999611377716064,570.9702758789062,286.0113525390625,0.9999531507492065,596.7959594726562,309.18603515625,0.9999854564666748,598.2501220703125,363.3181457519531,0.9999796152114868
231,475.9026794433594,371.66925048828125,0.9997840523719788,497.03424072265625,378.2887878417969,0.9998998641967773,517.0703125,393.9790954589844,0.9998785257339478,537.1314697265625,418.9589538574219,0.9999163150787354,534.048583984375,284.2127685546875,0.999994158744812,567.5404052734375,282.3034362792969,0.9999693632125854,595.553466796875,306.4325256347656,0.9999856948852539,598.230712890625,359.0093078613281,0.9999706745147705
232,472.7364501953125,371.66925048828125,0.9999508857727051,496.1025085449219,377.9667053222656,0.9997790455818176,516.8341674804688,393.04522705078125,0.9999324083328247,536.1930541992188,418.80621337890625,0.9999054670333862,531.1648559570312,278.8611145019531,0.9999945163726807,564.8344116210938,279.4318542480469,0.9999768733978271,591.1263427734375,304.3544921875,0.9999638795852661,595.5673217773438,356.1953125,0.999985933303833
233,472.6109313964844,370.31182861328125,0.9999324083328247,494.368896484375,377.9475402832031,0.9998998641967773,513.6356201171875,392.410888671875,0.999956488609314,532.6835327148438,417.4717102050781,0.9999707937240601,527.453125,278.73480224609375,0.9999772310256958,562.244384765625,278.671875,0.9999828338623047,587.7125854492188,301.04241943359375,0.9999170303344727,593.4046020507812,353.0173645019531,0.9999791383743286
234,469.9277648925781,369.2187805175781,0.9999431371688843,490.627197265625,376.2890930175781,0.9999493360519409,509.733154296875,389.34637451171875,0.9999303817749023,530.0731811523438,413.7523193359375,0.9999556541442871,522.3651733398438,276.4965515136719,0.9999904632568359,556.68798828125,275.12603759765625,0.9999920129776001,583.7072143554688,297.36407470703125,0.999955415725708,588.135009765625,347.9165954589844,0.9998495578765869
235,468.0157165527344,363.26385498046875,0.9999687671661377,487.5117492675781,370.0865478515625,0.9999419450759888,508.4111328125,382.2785339355469,0.999923586845398,528.8851928710938,406.5666809082031,0.9999382495880127,518.85107421875,272.6294860839844,0.9999878406524658,552.0938720703125,271.82318115234375,0.9999513626098633,579.298828125,293.51971435546875,0.9999876022338867,585.1012573242188,342.03668212890625,0.9999589920043945
236,460.7191162109375,361.25274658203125,0.9998703002929688,482.0787353515625,364.70721435546875,0.9999538660049438,504.18701171875,376.9580993652344,0.9997480511665344,524.2755126953125,400.6943054199219,0.9999673366546631,514.0938720703125,268.5698547363281,0.9999892711639404,547.730712890625,266.3099670410156,0.9999898672103882,573.68603515625,287.89581298828125,0.9999651908874512,580.2868041992188,335.9872741699219,0.9999657869338989
237,460.6526184082031,354.9145202636719,0.9999706745147705,481.2193603515625,358.3138122558594,0.999969482421875,501.8778381347656,369.5467224121094,0.9998989105224609,522.4535522460938,392.8062438964844,0.9998692274093628,508.0338439941406,263.5710754394531,0.9999839067459106,542.4385375976562,262.0332946777344,0.9999864101409912,568.765380859375,281.7637634277344,0.999955415725708,575.2533569335938,330.4682312011719,0.9999570846557617
238,453.23651123046875,352.61279296875,0.999948263168335,475.7422790527344,354.9732666015625,0.9999123811721802,498.1744384765625,366.0769958496094,0.9998880624771118,518.1028442382812,388.8027038574219,0.9999583959579468,502.7938232421875,257.8824157714844,0.9999920129776001,536.4476318359375,256.5988464355469,0.9999314546585083,562.6381225585938,276.9203186035156,0.9999881982803345,569.205810546875,324.71112060546875,0.9999710321426392
239,448.1431579589844,346.4448547363281,0.9997925162315369,470.3891296386719,349.7835693359375,0.9997649788856506,493.1399230957031,359.9850769042969,0.9998345375061035,513.7697143554688,383.76898193359375,0.9998748302459717,495.4657287597656,255.6497344970703,0.9999629259109497,528.9596557617188,250.74111938476562,0.9999719858169556,557.1800537109375,269.79296875,0.9999265670776367,564.297119140625,319.8446044921875,0.9999779462814331
240,443.908935546875,343.97723388671875,0.9998918771743774,465.39825439453125,346.66162109375,0.9999167919158936,487.3915710449219,358.24932861328125,0.9999135732650757,505.8699645996094,379.15386962890625,0.9999105930328369,488.6134338378906,247.99307250976562,0.999954342842102,522.5200805664062,245.69068908691406,0.9999874830245972,549.239013671875,263.69049072265625,0.999962568283081,558.282470703125,310.05291748046875,0.9999712705612183
241,437.5079345703125,337.0692138671875,0.9999693632125854,458.4117126464844,339.6908874511719,0.9999692440032959,479.35406494140625,349.061767578125,0.9998273849487305,502.13018798828125,370.6966552734375,0.999948263168335,480.85443115234375,243.80604553222656,0.9999924898147583,515.0254516601562,238.39376831054688,0.9999871253967285,542.025390625,256.7999572753906,0.9999644756317139,551.5872192382812,304.281494140625,0.9999725818634033
242,434.39239501953125,324.9495849609375,0.9999860525131226,455.2807922363281,327.34375,0.9999432563781738,478.6788635253906,334.95916748046875,0.9998290538787842,498.9942626953125,357.9294128417969,0.9999392032623291,473.1737060546875,239.4618377685547,0.9999580383300781,505.2058410644531,233.06369018554688,0.9999402761459351,533.04345703125,248.77565002441406,0.9999618530273438,545.1414184570312,293.5319519042969,0.9999773502349854
243,426.3446960449219,324.2419738769531,0.9999383687973022,446.6225891113281,326.59588623046875,0.9999281167984009,467.659912109375,334.89923095703125,0.9998548030853271,489.13232421875,355.19970703125,0.999942421913147,463.9835205078125,233.0747833251953,0.9999587535858154,497.00897216796875,226.42320251464844,0.9999816417694092,525.778076171875,241.42698669433594,0.9999691247940063,536.9000244140625,285.47198486328125,0.9999500513076782
244,421.33038330078125,317.2170715332031,0.999950647354126,442.6650695800781,319.7148742675781,0.9999450445175171,462.80499267578125,326.5257568359375,0.999954104423523,484.9289245605469,346.69366455078125,0.9999198913574219,454.0311584472656,227.90914916992188,0.9999959468841553,488.0050964355469,219.8288116455078,0.9999786615371704,516.0947875976562,234.5275421142578,0.999967098236084,529.480224609375,276.6244812011719,0.9999864101409912
245,414.540283203125,313.3790283203125,0.9998408555984497,431.9005432128906,314.863037109375,0.9999477863311768,453.47894287109375,322.0893249511719,0.9998188614845276,478.43853759765625,343.1798400878906,0.9997544884681702,442.9792785644531,222.0889129638672,0.9999760389328003,476.5409240722656,213.724609375,0.9999922513961792,505.8072509765625,226.3299102783203,0.999956488609314,520.3174438476562,266.82867431640625,0.9999582767486572
246,406.5570983886719,306.31585693359375,0.9999557733535767,426.8279113769531,306.59674072265625,0.9999706745147705,447.1011047363281,313.6410217285156,0.9999257326126099,469.0413513183594,334.7633056640625,0.9999170303344727,434.0462951660156,217.31468200683594,0.9999780654907227,466.3467102050781,205.13893127441406,0.9999910593032837,496.32684326171875,216.3802490234375,0.9999251365661621,511.4923400878906,257.204345703125,0.9999476671218872
247,396.9534606933594,302.88262939453125,0.9999226331710815,415.4317321777344,301.265380859375,0.9999092817306519,436.51385498046875,307.75323486328125,0.9998406171798706,462.83563232421875,325.9905700683594,0.9998805522918701,423.3608703613281,212.6641082763672,0.999987006187439,456.2629699707031,200.6710205078125,0.999955415725708,486.8942565917969,210.1178741455078,0.9999772310256958,501.7690124511719,250.697509765625,0.9999871253967285
248,390.79669189453125,295.7911376953125,0.999890923500061,412.02532958984375,293.4771423339844,0.9999604225158691,432.8006591796875,297.8736572265625,0.9998828172683716,457.1856384277344,314.71673583984375,0.9998732805252075,411.4765930175781,207.5795440673828,0.9999744892120361,445.43023681640625,194.6063232421875,0.9999927282333374,475.6271057128906,201.09803771972656,0.9999240636825562,492.02423095703125,240.92457580566406,0.9999827146530151
249,384.06915283203125,289.4573669433594,0.9999161958694458,403.5946350097656,287.4888610839844,0.9999668598175049,424.4638366699219,292.1689758300781,0.9998462200164795,448.7400207519531,309.2082214355469,0.9999362230300903,402.75091552734375,201.73545837402344,0.999988317489624,434.8879089355469,188.6624298095703,0.9999878406524658,465.6367492675781,194.2223358154297,0.9999825954437256,483.5594482421875,232.75051879882812,0.999976634979248
250,375.2522277832031,285.0969543457031,0.9999004602432251,395.2962951660156,281.2640075683594,0.9996631145477295,418.1075744628906,285.4993591308594,0.9998581409454346,442.6729736328125,301.3933410644531,0.9999300241470337,392.1141357421875,199.4636688232422,0.999985933303833,424.60089111328125,183.88925170898438,0.9999775886535645,456.18499755859375,186.52322387695312,0.9999659061431885,474.5974426269531,221.3207550048828,0.9999246597290039
251,368.4649963378906,280.2503967285156,0.9998674392700195,387.66876220703125,277.6501770019531,0.9999752044677734,411.2121887207031,281.6892395019531,0.9999302625656128,435.57891845703125,294.0071105957031,0.9999619722366333,382.9847717285156,192.59725952148438,0.999976634979248,414.8363342285156,175.73387145996094,0.9999518394470215,449.390625,179.17247009277344,0.9999899864196777,464.51348876953125,217.9711456298828,0.9999628067016602
252,364.94927978515625,270.91064453125,0.9999192953109741,383.3353576660156,266.7974853515625,0.9998728036880493,406.8640441894531,270.6920166015625,0.999829888343811,430.7889709472656,282.8770751953125,0.9999116659164429,372.9610900878906,187.7649383544922,0.9999947547912598,406.063720703125,170.2124481201172,0.9999548196792603,442.60589599609375,173.0871124267578,0.9999289512634277,457.3479309082031,208.808837890625,0.9999663829803467
253,357.2951965332031,269.2401428222656,0.9999711513519287,375.9560241699219,264.36688232421875,0.9998652935028076,398.59393310546875,267.59765625,0.9999086856842041,423.8746032714844,278.16717529296875,0.999937891960144,365.3410339355469,187.5415802001953,0.9999610185623169,395.7213439941406,166.24044799804688,0.9999880790710449,431.68804931640625,168.37261962890625,0.9999502897262573,448.6038818359375,204.5006561279297,0.9999641180038452
254,351.1234130859375,269.1037902832031,0.9999306201934814,368.0369567871094,262.2302551269531,0.9999380111694336,391.87420654296875,264.1438293457031,0.99978107213974,418.01226806640625,271.6410217285156,0.9999150037765503,356.9486389160156,181.5830535888672,0.9999970197677612,387.0114440917969,161.85003662109375,0.9999706745147705,421.7366638183594,162.261474609375,0.9999912977218628,440.47528076171875,198.67068481445312,0.9999778270721436
255,344.8978576660156,265.6026611328125,0.9998481273651123,363.88720703125,258.9273376464844,0.9999363422393799,387.2403869628906,260.35223388671875,0.9999572038650513,411.0685119628906,270.5152587890625,0.9999607801437378,348.3568420410156,181.49623107910156,0.9999914169311523,382.3415832519531,160.11981201171875,0.9999350309371948,414.82989501953125,159.29525756835938,0.9999250173568726,434.5019836425781,194.30642700195312,0.9999949932098389
256,340.2547912597656,263.8886413574219,0.9999021291732788,358.1996154785156,256.391845703125,0.9997456669807434,381.8078918457031,257.7901916503906,0.9998935461044312,406.9636535644531,266.9921875,0.9999575614929199,341.9750061035156,181.49623107910156,0.999994158744812,374.20843505859375,160.11981201171875,0.9999425411224365,405.9897766113281,156.7199249267578,0.999982476234436,429.2885437011719,192.8697967529297,0.9999706745147705
257,338.2162780761719,262.54852294921875,0.9999216794967651,354.91424560546875,256.18280029296875,0.999845027923584,379.55029296875,255.6291961669922,0.9998189806938171,404.6778564453125,262.8940734863281,0.999976396560669,337.42401123046875,181.49623107910156,0.9999929666519165,369.8199768066406,159.48272705078125,0.999906063079834,399.162109375,155.6141357421875,0.9999586343765259,422.1788330078125,188.7169647216797,0.9999779462814331
258,336.0924377441406,262.54852294921875,0.9997739195823669,353.35882568359375,256.18280029296875,0.9995371103286743,376.17669677734375,255.6291961669922,0.9997722506523132,402.3209533691406,262.3627624511719,0.9999713897705078,335.79266357421875,184.18145751953125,0.9999428987503052,365.6082458496094,159.48272705078125,0.9999454021453857,395.5408020019531,154.68482971191406,0.9999278783798218,416.8876037597656,186.2286376953125,0.999983549118042
259,336.0924377441406,263.8886413574219,0.9999302625656128,353.35882568359375,256.18280029296875,0.999765932559967,376.17669677734375,255.6291961669922,0.9997579455375671,401.1036376953125,262.3627624511719,0.9998824596405029,335.48870849609375,185.6131591796875,0.999958872795105,362.67724609375,159.8162841796875,0.9998838901519775,392.4595642089844,153.0509796142578,0.9999295473098755,414.4006042480469,184.87271118164062,0.9999656677246094
260,336.0924377441406,266.4364929199219,0.99981290102005,353.35882568359375,258.2944641113281,0.9999041557312012,376.17669677734375,257.21270751953125,0.9998898506164551,401.0337219238281,262.3946533203125,0.9999059438705444,335.48870849609375,191.5042724609375,0.9999421834945679,359.7478942871094,159.8162841796875,0.9999268054962158,389.6839904785156,153.0509796142578,0.9999743700027466,413.0318603515625,184.87271118164062,0.9999707937240601
261,337.02691650390625,266.4579772949219,0.9999276399612427,354.860107421875,258.5853271484375,0.9999490976333618,376.55108642578125,257.3948669433594,0.999816358089447,401.0337219238281,262.8940734863281,0.9999215602874756,335.79266357421875,191.8572998046875,0.9998886585235596,359.476318359375,159.8162841796875,0.99989914894104,388.9052734375,153.0509796142578,0.9999785423278809,412.18133544921875,184.87271118164062,0.9999536275863647
262,340.1424255371094,272.1795654296875,0.9999600648880005,358.190185546875,264.1454162597656,0.9999402761459351,377.4607849121094,263.1553649902344,0.9999357461929321,401.1036376953125,269.15557861328125,0.9999457597732544,336.6148376464844,192.91949462890625,0.9999755620956421,359.47418212890625,159.86167907714844,0.9999340772628784,388.8822937011719,153.59466552734375,0.9999825954437256,412.1444396972656,185.9541778564453,0.9999008178710938
263,342.6526184082031,273.2821044921875,0.9999575614929199,358.50982666015625,264.9308166503906,0.9998600482940674,379.07757568359375,264.2822570800781,0.9999191761016846,402.7501525878906,270.1969299316406,0.9999302625656128,338.31243896484375,194.7463836669922,0.9999929666519165,358.9694519042969,159.86167907714844,0.9999440908432007,388.8779296875,153.9994354248047,0.9999853372573853,411.9907531738281,186.16717529296875,0.999897837638855
264,346.2733154296875,275.58111572265625,0.9997653365135193,362.5250549316406,266.1904602050781,0.9998416900634766,380.8314514160156,264.5618591308594,0.9999091625213623,404.89117431640625,270.1969299316406,0.9999265670776367,338.3962707519531,195.17318725585938,0.9999904632568359,359.0614318847656,159.9360809326172,0.9999216794967651,388.8085021972656,154.74171447753906,0.999983549118042,411.7583312988281,189.1491241455078,0.9999128580093384
265,347.6260681152344,276.7918395996094,0.9999568462371826,363.65875244140625,266.4236755371094,0.9998396635055542,383.7996520996094,264.9669189453125,0.9998830556869507,406.740234375,270.6181945800781,0.9999524354934692,338.9386901855469,195.25924682617188,0.9999948740005493,359.2287292480469,160.46148681640625,0.9999517202377319,388.7472229003906,155.4302978515625,0.9999840259552002,411.9907531738281,189.84500122070312,0.9999039173126221
266,349.957275390625,278.7940979003906,0.9999043941497803,365.2266540527344,267.38848876953125,0.9998373985290527,385.3332824707031,265.1435546875,0.9998276233673096,409.1285705566406,270.8170166015625,0.9999114274978638,339.3384704589844,195.25924682617188,0.9999940395355225,359.0614318847656,160.66290283203125,0.9999532699584961,388.72882080078125,155.5435028076172,0.9999853372573853,412.0750427246094,190.88011169433594,0.9999511241912842
267,349.9997253417969,278.7940979003906,0.9998471736907959,365.39715576171875,267.38848876953125,0.9997953772544861,385.3332824707031,265.26409912109375,0.9997796416282654,409.1454772949219,270.8170166015625,0.9998883008956909,339.47064208984375,195.25924682617188,0.9999943971633911,358.9694519042969,160.7172088623047,0.9999539852142334,388.72882080078125,155.9908447265625,0.999983549118042,412.0750427246094,191.5538787841797,0.999962329864502
268,350.1509704589844,278.79193115234375,0.9998651742935181,366.06768798828125,267.38848876953125,0.9997071623802185,386.0179138183594,265.1435546875,0.9997351765632629,409.1568603515625,270.35791015625,0.9998399019241333,339.47064208984375,195.25924682617188,0.9999943971633911,359.0614318847656,160.78643798828125,0.9999687671661377,388.71844482421875,156.03746032714844,0.9999812841415405,412.28021240234375,191.6606903076172,0.9999724626541138
269,350.2826843261719,279.7745361328125,0.9998700618743896,366.10565185546875,267.67767333984375,0.9997573494911194,386.3926696777344,265.26409912109375,0.9996448755264282,409.3497314453125,270.8170166015625,0.9998161196708679,339.5055236816406,195.25924682617188,0.9999940395355225,359.2287292480469,161.14816284179688,0.9999659061431885,388.71844482421875,156.10093688964844,0.9999833106994629,412.31683349609375,191.78187561035156,0.9999634027481079
270,351.6212463378906,280.0953369140625,0.9998581409454346,366.57818603515625,269.4443664550781,0.9994763731956482,386.9160461425781,266.6695556640625,0.9996411800384521,409.6846008300781,271.1683349609375,0.9998065829277039,340.34259033203125,195.6948699951172,0.9999951124191284,359.2795715332031,161.1625213623047,0.9999624490737915,388.7619323730469,156.10093688964844,0.9999827146530151,412.4118957519531,191.7904510498047,0.9999614953994751
271,352.0519714355469,280.9479064941406,0.9995686411857605,366.75604248046875,270.2148132324219,0.9994274377822876,387.2060241699219,268.30792236328125,0.9995352029800415,409.73406982421875,272.4602355957031,0.9997774958610535,339.5055236816406,196.92344665527344,0.9999914169311523,359.2795715332031,161.28768920898438,0.9999725818634033,388.7619323730469,156.03746032714844,0.999982476234436,412.7300109863281,191.82273864746094,0.9999692440032959
272,352.0519714355469,280.9479064941406,0.999869704246521,367.4107360839844,270.2148132324219,0.9998611211776733,387.2060241699219,268.30792236328125,0.9998717308044434,409.73406982421875,272.4602355957031,0.9999247789382935,339.2305603027344,196.96812438964844,0.9999970197677612,359.2795715332031,161.3597869873047,0.9999428987503052,388.7618713378906,156.03746032714844,0.9999808073043823,412.6135559082031,192.8892822265625,0.99997878074646
273,352.0815124511719,281.6743469238281,0.9998130202293396,367.67822265625,270.96429443359375,0.9998168349266052,387.3750915527344,268.7508239746094,0.9998125433921814,409.96484375,274.1758117675781,0.9999059438705444,340.21649169921875,196.96812438964844,0.999995231628418,359.4511413574219,161.84420776367188,0.9999709129333496,388.7618713378906,156.10093688964844,0.9999819993972778,412.6033935546875,193.06326293945312,0.9999854564666748
274,352.0815124511719,281.6743469238281,0.9997588992118835,368.01910400390625,271.55194091796875,0.9994401335716248,387.6278076171875,269.1260681152344,0.9994494318962097,409.96484375,275.5172119140625,0.9997811913490295,340.1582946777344,196.92344665527344,0.9999910593032837,359.1575622558594,162.0707244873047,0.9999783039093018,388.7254333496094,156.35450744628906,0.9999749660491943,412.6033935546875,193.2425079345703,0.9999819993972778
275,352.0815124511719,281.6743469238281,0.9998626708984375,367.79388427734375,271.55194091796875,0.999588668346405,387.5277404785156,269.1260681152344,0.9996391534805298,409.96484375,275.5986328125,0.9997938275337219,339.2305603027344,197.29530334472656,0.9999960660934448,359.1575622558594,162.30874633789062,0.9999769926071167,388.6596374511719,156.401123046875,0.9999774694442749,412.6033935546875,193.06326293945312,0.9999855756759644
276,352.0931091308594,281.59637451171875,0.9998354911804199,368.01910400390625,270.43316650390625,0.9996811151504517,387.67437744140625,268.3516845703125,0.9998095631599426,410.2857666015625,275.5172119140625,0.9999395608901978,340.1582946777344,196.8932647705078,0.9999974966049194,358.8642578125,162.30874633789062,0.9999738931655884,388.6596374511719,156.401123046875,0.9999774694442749,412.39862060546875,192.8892822265625,0.999982476234436
277,352.49603271484375,281.59637451171875,0.9998341798782349,368.01910400390625,270.43316650390625,0.9996880292892456,387.67437744140625,268.3516845703125,0.9997631907463074,410.2857666015625,275.5172119140625,0.9999039173126221,340.21649169921875,196.75299072265625,0.9999922513961792,359.2618408203125,162.30874633789062,0.9999527931213379,388.6596374511719,156.44158935546875,0.9999734163284302,412.39862060546875,192.89743041992188,0.999983549118042
278,352.49603271484375,281.40264892578125,0.9998266100883484,367.79388427734375,270.43316650390625,0.9996623992919922,387.67437744140625,268.3516845703125,0.9992339611053467,410.287109375,275.5172119140625,0.9993898868560791,340.2913513183594,196.75299072265625,0.9999966621398926,359.2618408203125,161.93045043945312,0.9999673366546631,388.7254333496094,156.401123046875,0.9999773502349854,412.39862060546875,192.89743041992188,0.9999783039093018
279,352.7283630371094,280.25262451171875,0.9998784065246582,367.79388427734375,269.2150573730469,0.9995157718658447,387.8525695800781,267.26495361328125,0.9996602535247803,410.4786071777344,273.4294128417969,0.9996281862258911,340.2913513183594,197.48562622070312,0.9999972581863403,359.43792724609375,161.93045043945312,0.9999563694000244,388.3105773925781,156.25572204589844,0.9999783039093018,412.39862060546875,192.8667449951172,0.9999814033508301
280,352.7283630371094,279.6343994140625,0.9998897314071655,368.11328125,269.2150573730469,0.9999063014984131,388.017333984375,267.26495361328125,0.9999371767044067,410.4786071777344,272.43341064453125,0.9999141693115234,340.4457702636719,196.03932189941406,0.9999943971633911,359.2618408203125,161.93045043945312,0.9999638795852661,388.3928527832031,156.25572204589844,0.9999748468399048,412.36505126953125,192.6703643798828,0.9999895095825195
281,353.0807189941406,279.6343994140625,0.9998449087142944,367.39501953125,269.2150573730469,0.9997574687004089,387.8525695800781,267.26495361328125,0.9997403025627136,410.287109375,272.43341064453125,0.9996826648712158,340.5863952636719,196.27674865722656,0.9999964237213135,359.2618408203125,162.2918243408203,0.9999697208404541,388.3928527832031,156.36488342285156,0.9999773502349854,412.5910339355469,192.89743041992188,0.9999759197235107
282,353.6305236816406,280.25262451171875,0.9999175071716309,368.11328125,269.6895446777344,0.9997686743736267,388.017333984375,267.43994140625,0.9997796416282654,410.2239074707031,273.4294128417969,0.9998962879180908,340.5863952636719,196.65069580078125,0.9999970197677612,359.3153381347656,162.3539276123047,0.9999685287475586,388.32257080078125,156.36488342285156,0.9999749660491943,412.0282287597656,193.55587768554688,0.9999780654907227
283,353.6305236816406,279.6343994140625,0.9999043941497803,368.11328125,269.2150573730469,0.9996522665023804,388.017333984375,267.26495361328125,0.9999045133590698,410.2239074707031,273.4294128417969,0.999897837638855,340.6109924316406,196.65069580078125,0.999996542930603,359.3153381347656,162.41172790527344,0.9999716281890869,388.32257080078125,156.5206298828125,0.9999771118164062,412.0282287597656,193.55587768554688,0.9999877214431763
284,353.0807189941406,279.3821105957031,0.9999262094497681,367.63397216796875,268.769775390625,0.9998782873153687,387.57196044921875,266.4391174316406,0.9998915195465088,410.2239074707031,274.0022888183594,0.9997861981391907,340.6109924316406,196.65069580078125,0.9999969005584717,359.3153381347656,162.41172790527344,0.9999682903289795,388.34393310546875,156.5206298828125,0.9999730587005615,412.1924133300781,193.55587768554688,0.9999823570251465
285,353.0807189941406,279.3821105957031,0.9999334812164307,367.63397216796875,267.9501647949219,0.9996315240859985,387.57196044921875,266.1399841308594,0.9997966885566711,410.6481018066406,274.0022888183594,0.9999411106109619,340.45050048828125,197.02560424804688,0.999992847442627,359.3153381347656,162.47276306152344,0.9999691247940063,388.34393310546875,156.66268920898438,0.9999759197235107,412.1924133300781,193.55587768554688,0.9999896287918091
286,353.7281188964844,279.3821105957031,0.9999107122421265,368.32073974609375,267.9501647949219,0.9998074173927307,387.940185546875,266.1399841308594,0.9998345375061035,410.6481018066406,274.0022888183594,0.9999090433120728,340.0721435546875,197.02560424804688,0.9999905824661255,359.3153381347656,162.47276306152344,0.9999765157699585,388.5693359375,156.66268920898438,0.9999778270721436,412.1924133300781,193.2778778076172,0.9999818801879883
287,352.89349365234375,279.3821105957031,0.9999111890792847,367.63397216796875,267.9501647949219,0.9997696280479431,387.940185546875,266.1399841308594,0.9998072981834412,410.681396484375,274.0022888183594,0.9998428821563721,340.0165100097656,197.02560424804688,0.9999961853027344,359.1643981933594,162.47276306152344,0.9999755620956421,388.64349365234375,156.56129455566406,0.9999748468399048,412.41680908203125,193.25857543945312,0.9999842643737793
288,353.7281188964844,279.69122314453125,0.9999403953552246,367.63397216796875,268.769775390625,0.9998160004615784,387.940185546875,266.4391174316406,0.9998254179954529,410.681396484375,274.0022888183594,0.9997648596763611,340.0165100097656,196.40443420410156,0.9999972581863403,359.1643981933594,162.47276306152344,0.9999703168869019,388.7569274902344,156.25347900390625,0.999977707862854,412.4250183105469,193.25857543945312,0.9999861717224121
289,353.7281188964844,279.7103576660156,0.9999454021453857,368.32073974609375,270.88232421875,0.9998546838760376,388.1305236816406,268.4980773925781,0.9998300075531006,410.681396484375,274.296142578125,0.9999532699584961,339.9090270996094,196.40443420410156,0.9999958276748657,359.1643981933594,162.47276306152344,0.9999661445617676,388.7569274902344,156.2452392578125,0.9999785423278809,412.766357421875,193.25857543945312,0.9999845027923584
290,352.9546813964844,281.0405578613281,0.9998683929443359,368.012939453125,271.30096435546875,0.9996935129165649,388.10137939453125,269.03564453125,0.9998606443405151,410.3478698730469,275.3287658691406,0.9999328851699829,339.8170166015625,196.40443420410156,0.999996542930603,359.2209167480469,162.3176727294922,0.9999765157699585,388.7569274902344,156.2452392578125,0.9999773502349854,412.766357421875,193.2778778076172,0.9999861717224121
291,352.9546813964844,281.0405578613281,0.9998670816421509,367.5414733886719,271.30096435546875,0.9998346567153931,388.10137939453125,269.03564453125,0.9997730851173401,410.3478698730469,275.5998840332031,0.9998924732208252,339.9090270996094,196.8023681640625,0.9999959468841553,359.2209167480469,162.6268768310547,0.9999737739562988,388.6409606933594,156.2452392578125,0.9999781847000122,412.766357421875,193.73773193359375,0.9999799728393555
292,352.9546813964844,281.0405578613281,0.99991774559021,368.012939453125,270.88232421875,0.9997877478599548,388.10137939453125,268.4980773925781,0.9998595714569092,410.3478698730469,275.3287658691406,0.99991774559021,340.0579833984375,196.8023681640625,0.9999951124191284,359.2209167480469,162.6268768310547,0.9999736547470093,388.6409606933594,156.2452392578125,0.9999765157699585,412.766357421875,193.73773193359375,0.999988317489624
293,352.76837158203125,280.6484680175781,0.999842643737793,368.012939453125,270.10723876953125,0.999678373336792,388.10137939453125,268.40692138671875,0.9998291730880737,409.8642272949219,275.3287658691406,0.9998207688331604,340.0579833984375,196.99172973632812,0.999996542930603,358.99786376953125,162.6268768310547,0.9999827146530151,388.6169128417969,156.36123657226562,0.9999767541885376,412.705810546875,193.28091430664062,0.9999890327453613
294,352.9546813964844,280.6484680175781,0.9998100399971008,368.012939453125,270.10723876953125,0.9997647404670715,387.9518737792969,268.40692138671875,0.9998061060905457,409.8642272949219,275.3287658691406,0.9998722076416016,340.3012390136719,197.0669403076172,0.9999935626983643,358.8945007324219,162.75747680664062,0.9999722242355347,388.6112976074219,156.64703369140625,0.9999783039093018,412.43182373046875,193.28091430664062,0.9999837875366211
295,353.1714172363281,280.6484680175781,0.9998947381973267,368.4041748046875,270.10723876953125,0.9996680021286011,387.9518737792969,268.40692138671875,0.99985671043396,410.8512878417969,274.20159912109375,0.9999291896820068,340.3012390136719,197.14170837402344,0.9999958276748657,358.8945007324219,162.82437133789062,0.9999758005142212,388.6112976074219,156.61688232421875,0.9999774694442749,412.43182373046875,193.28091430664062,0.999984622001648
296,353.5981750488281,280.7627258300781,0.9999179840087891,368.4808654785156,271.2509460449219,0.9998441934585571,389.40521240234375,268.961181640625,0.9998284578323364,410.8512878417969,274.20159912109375,0.9998819828033447,340.3012390136719,197.14170837402344,0.9999974966049194,358.8945007324219,162.75747680664062,0.9999840259552002,388.6224060058594,156.61688232421875,0.9999780654907227,412.5592346191406,193.28091430664062,0.9999854564666748
297,353.5981750488281,280.7627258300781,0.999900221824646,368.4041748046875,271.2509460449219,0.9997208714485168,387.97235107421875,268.961181640625,0.9996229410171509,410.52825927734375,275.60675048828125,0.9998329877853394,340.6065673828125,197.20558166503906,0.999995231628418,359.328857421875,162.75747680664062,0.9999723434448242,388.6224060058594,156.61688232421875,0.9999747276306152,412.5592346191406,193.28091430664062,0.9999877214431763
298,353.5981750488281,280.9384765625,0.9999170303344727,368.4041748046875,271.3510437011719,0.9999194145202637,388.4984130859375,268.961181640625,0.9999507665634155,410.8512878417969,273.509765625,0.9998735189437866,340.5082702636719,197.20558166503906,0.999996542930603,359.328857421875,162.76315307617188,0.9999791383743286,388.6224060058594,156.76161193847656,0.999972939491272,412.5592346191406,193.8394317626953,0.9999849796295166
299,353.22735595703125,280.9384765625,0.9999088048934937,368.0055236816406,271.2509460449219,0.9997538924217224,388.4984130859375,268.9391174316406,0.9998534917831421,410.8512878417969,272.904296875,0.9999371767044067,340.5082702636719,196.88229370117188,0.9999934434890747,359.328857421875,162.60147094726562,0.9999765157699585,388.6224060058594,156.61688232421875,0.9999799728393555,412.5592346191406,193.9922637939453,0.9999837875366211
300,353.12750244140625,280.939453125,0.9999313354492188,367.71441650390625,271.3834533691406,0.999723494052887,388.12445068359375,268.9391174316406,0.9996942281723022,410.52825927734375,275.60675048828125,0.9997709393501282,340.5082702636719,196.6290740966797,0.9999970197677612,359.27008056640625,162.60147094726562,0.9999854564666748,388.5713806152344,156.56407165527344,0.9999721050262451,412.39434814453125,193.8394317626953,0.9999841451644897
301,352.5085144042969,280.939453125,0.999735414981842,367.6325988769531,271.3834533691406,0.99955815076828,388.0185241699219,268.9391174316406,0.9988952875137329,410.8930358886719,272.7680969238281,0.9996552467346191,340.5082702636719,196.6290740966797,0.9999966621398926,359.0208740234375,162.6302032470703,0.9999700784683228,388.5713806152344,156.56407165527344,0.9999767541885376,412.1393737792969,193.31903076171875,0.99998939037323
302,352.8103942871094,280.939453125,0.9998027682304382,367.56842041015625,271.3834533691406,0.9995399713516235,388.0185241699219,269.56951904296875,0.9998468160629272,410.8930358886719,272.7680969238281,0.9998206496238708,340.38800048828125,196.6290740966797,0.9999958276748657,358.92010498046875,162.76315307617188,0.9999783039093018,388.5496520996094,156.85330200195312,0.9999760389328003,412.1393737792969,193.31903076171875,0.9999862909317017
303,352.5085144042969,280.27679443359375,0.9995278120040894,367.6325988769531,270.902587890625,0.9987457990646362,388.0185241699219,269.56951904296875,0.9951924085617065,410.4406433105469,275.135986328125,0.9977484345436096,340.38800048828125,196.52423095703125,0.9999929666519165,358.92010498046875,162.6302032470703,0.9999853372573853,388.5713806152344,156.56407165527344,0.999972939491272,412.3772888183594,193.12710571289062,0.9999858140945435
304,352.5085144042969,280.939453125,0.9998750686645508,367.6325988769531,271.3834533691406,0.9997807145118713,388.0185241699219,270.2762145996094,0.9998296499252319,410.4406433105469,276.95330810546875,0.9998165965080261,340.38800048828125,197.3518829345703,0.9999951124191284,358.92010498046875,162.93020629882812,0.999982476234436,388.5745849609375,156.54556274414062,0.9999736547470093,412.3772888183594,193.12710571289062,0.9999797344207764
305,352.8103942871094,280.27679443359375,0.9999243021011353,367.7137756347656,270.902587890625,0.9999051094055176,388.02557373046875,269.56951904296875,0.9999133348464966,410.6643371582031,275.135986328125,0.999916672706604,340.2026672363281,197.3518829345703,0.9999969005584717,359.3326721191406,163.08030700683594,0.9999610185623169,388.5745849609375,156.845458984375,0.9999771118164062,412.60858154296875,193.29640197753906,0.9999868869781494
306,353.0243225097656,279.1639404296875,0.9999579191207886,368.36346435546875,269.0357971191406,0.9999136924743652,388.1152648925781,269.1351013183594,0.999946117401123,410.6643371582031,275.135986328125,0.9997703433036804,340.2026672363281,196.70191955566406,0.9999960660934448,359.363037109375,162.93020629882812,0.999976396560669,388.3427734375,156.60845947265625,0.9999783039093018,412.7626647949219,193.2835693359375,0.9999849796295166
307,353.2547607421875,279.1639404296875,0.9998887777328491,368.62261962890625,269.0357971191406,0.9998137354850769,388.4657287597656,269.1351013183594,0.9998186230659485,411.1363525390625,278.4249572753906,0.9998816251754761,340.1291198730469,196.01458740234375,0.9999961853027344,359.363037109375,162.93020629882812,0.9999743700027466,388.7876892089844,156.60845947265625,0.9999768733978271,412.8209533691406,193.29640197753906,0.9999815225601196
308,353.5249938964844,280.7142028808594,0.9998292922973633,368.9815673828125,271.05633544921875,0.9997541308403015,389.44659423828125,268.94024658203125,0.999698281288147,411.1363525390625,275.4921569824219,0.9996294975280762,340.0647888183594,196.6943817138672,0.9999974966049194,359.363037109375,163.07655334472656,0.9999650716781616,388.53277587890625,156.845458984375,0.999976634979248,412.7626647949219,193.52671813964844,0.9999808073043823
309,353.5249938964844,279.1639404296875,0.9999107122421265,368.9815673828125,267.8860778808594,0.999893307685852,389.44659423828125,266.39874267578125,0.9999322891235352,411.3202819824219,272.20550537109375,0.9998273253440857,340.0647888183594,196.6943817138672,0.9999972581863403,359.45953369140625,163.15997314453125,0.9999738931655884,388.4500427246094,157.02047729492188,0.9999722242355347,412.8209533691406,193.53619384765625,0.9999877214431763
310,353.2547607421875,280.7142028808594,0.9998421669006348,368.6644592285156,271.05633544921875,0.999729335308075,388.1152648925781,268.94024658203125,0.9997062087059021,411.1363525390625,273.8992919921875,0.9998733997344971,340.3078308105469,196.6943817138672,0.9999964237213135,359.45953369140625,163.07655334472656,0.999971866607666,388.4500427246094,157.02047729492188,0.9999657869338989,412.8209533691406,193.95327758789062,0.9999881982803345
311,353.2547607421875,281.2519226074219,0.9996113181114197,368.62261962890625,271.2102966308594,0.9995465874671936,387.8647155761719,269.8709716796875,0.9998040795326233,410.8625183105469,274.74298095703125,0.9998315572738647,340.2571716308594,196.6943817138672,0.9999932050704956,359.3873291015625,163.07655334472656,0.9999799728393555,388.53277587890625,157.17514038085938,0.9999767541885376,412.6437072753906,194.2086944580078,0.9999908208847046
312,352.8945617675781,281.1283264160156,0.9997686743736267,368.3384094238281,271.1513977050781,0.999373733997345,387.8647155761719,268.94024658203125,0.9994157552719116,410.79925537109375,273.8992919921875,0.9986550807952881,340.2571716308594,196.7455596923828,0.999996542930603,359.45953369140625,163.07655334472656,0.9999761581420898,388.53277587890625,157.17514038085938,0.9999710321426392,412.6437072753906,193.95327758789062,0.9999850988388062
313,352.8945617675781,281.1283264160156,0.9996870756149292,368.1314697265625,271.1513977050781,0.99973064661026,387.8647155761719,268.5480651855469,0.9997764229774475,410.36962890625,273.8992919921875,0.9995334148406982,340.2571716308594,196.7455596923828,0.9999970197677612,359.5180358886719,162.99603271484375,0.9999724626541138,388.4500427246094,157.1331329345703,0.9999696016311646,412.6437072753906,194.0966796875,0.999985933303833
314,352.8945617675781,281.2519226074219,0.9998842477798462,368.0043029785156,271.2102966308594,0.9996988773345947,388.4375915527344,269.8709716796875,0.9997031092643738,410.36962890625,274.6969299316406,0.9996325969696045,340.1632080078125,196.583984375,0.9999943971633911,359.3873291015625,162.8443603515625,0.9999634027481079,388.6495056152344,157.1331329345703,0.9999731779098511,412.6437072753906,194.0966796875,0.9999856948852539
315,353.3553161621094,281.1283264160156,0.9999152421951294,368.0043029785156,271.2102966308594,0.9998036026954651,389.11151123046875,269.8709716796875,0.9997541308403015,410.36962890625,274.74298095703125,0.9999032020568848,340.11376953125,196.39341735839844,0.9999961853027344,359.5180358886719,162.99603271484375,0.9999701976776123,388.8263854980469,157.1331329345703,0.9999732971191406,412.6437072753906,194.0966796875,0.9999887943267822
316,352.8945617675781,281.0531311035156,0.9999152421951294,367.3869323730469,271.1513977050781,0.9999091625213623,389.11151123046875,268.5480651855469,0.9998490810394287,410.36962890625,274.6969299316406,0.9995538592338562,340.0369567871094,196.39341735839844,0.9999964237213135,359.5180358886719,162.99603271484375,0.9999806880950928,388.6495056152344,156.5633087158203,0.9999686479568481,412.347412109375,193.6800994873047,0.9999860525131226
317,352.1855163574219,279.78802490234375,0.9999061822891235,367.30352783203125,270.23858642578125,0.9999151229858398,389.11151123046875,268.3809814453125,0.9998841285705566,410.36962890625,274.6969299316406,0.9998759031295776,339.3543395996094,196.26840209960938,0.9999970197677612,358.99114990234375,162.80870056152344,0.9999487400054932,388.26763916015625,156.5399932861328,0.9999758005142212,412.3243103027344,193.6800994873047,0.9999874830245972
