scorer,DLC_resnet152_t-rest-colorJul19shuffle1_750000,DLC_resnet152_t-rest-colorJul19shuffle1_750000,DLC_resnet152_t-rest-colorJul19shuffle1_750000,DLC_resnet152_t-rest-colorJul19shuffle1_750000,DLC_resnet152_t-rest-colorJul19shuffle1_750000,DLC_resnet152_t-rest-colorJul19shuffle1_750000,DLC_resnet152_t-rest-colorJul19shuffle1_750000,DLC_resnet152_t-rest-colorJul19shuffle1_750000,DLC_resnet152_t-rest-colorJul19shuffle1_750000,DLC_resnet152_t-rest-colorJul19shuffle1_750000,DLC_resnet152_t-rest-colorJul19shuffle1_750000,DLC_resnet152_t-rest-colorJul19shuffle1_750000,DLC_resnet152_t-rest-colorJul19shuffle1_750000,DLC_resnet152_t-rest-colorJul19shuffle1_750000,DLC_resnet152_t-rest-colorJul19shuffle1_750000,DLC_resnet152_t-rest-colorJul19shuffle1_750000,DLC_resnet152_t-rest-colorJul19shuffle1_750000,DLC_resnet152_t-rest-colorJul19shuffle1_750000,DLC_resnet152_t-rest-colorJul19shuffle1_750000,DLC_resnet152_t-rest-colorJul19shuffle1_750000,DLC_resnet152_t-rest-colorJul19shuffle1_750000,DLC_resnet152_t-rest-colorJul19shuffle1_750000,DLC_resnet152_t-rest-colorJul19shuffle1_750000,DLC_resnet152_t-rest-colorJul19shuffle1_750000
bodyparts,base2,base2,base2,base3,base3,base3,base4,base4,base4,base5,base5,base5,tip2,tip2,tip2,tip3,tip3,tip3,tip4,tip4,tip4,tip5,tip5,tip5
coords,x,y,likelihood,x,y,likelihood,x,y,likelihood,x,y,likelihood,x,y,likelihood,x,y,likelihood,x,y,likelihood,x,y,likelihood
0,4.002850532531738,2.365870475769043,5.84331655772985e-06,0.5316462516784668,0.0,1.8425960206513992e-06,152.8058319091797,0.0,8.644423360237852e-06,156.25685119628906,4.043663501739502,4.0209062717622146e-05,259.170654296875,710.705322265625,3.573137291823514e-05,4.5747175216674805,1.9851233959197998,3.5631743230624124e-05,0.0,3.7595202922821045,9.560505532135721e-06,2.636662483215332,0.0,6.162682893773308e-06
1,5.042941093444824,2.6673200130462646,1.2023044291709084e-05,0.9145772457122803,0.0,4.3789323171949945e-06,152.84934997558594,0.20638823509216309,4.79547816212289e-06,156.60145568847656,4.293946266174316,2.6088810045621358e-05,259.5504150390625,712.0712280273438,0.004959973972290754,263.2372741699219,716.314208984375,6.43526145722717e-05,155.71141052246094,3.778610944747925,1.200599581352435e-05,3.372805595397949,0.0,1.1680787793011405e-05
2,5.042941093444824,2.8233449459075928,3.4764939300657716e-06,1.111158847808838,-2.148225784301758,8.137978397826373e-07,152.84934997558594,0.46514105796813965,4.828869350603782e-06,156.60145568847656,4.293946266174316,1.5578163583995774e-05,259.5504150390625,712.8353271484375,0.00019709329353645444,263.2372741699219,716.314208984375,1.579554009367712e-05,155.71141052246094,714.9788208007812,4.694780727731995e-06,3.372805595397949,-0.5963406562805176,3.430991455388721e-06
3,5.042941093444824,3.0810558795928955,3.146648623442161e-06,1.363645315170288,-2.6807589530944824,2.60573074228887e-06,152.8058319091797,0.20638823509216309,5.216820682107937e-06,156.34190368652344,4.0467305183410645,7.810702300048433e-06,259.5504150390625,712.0712280273438,0.0003792366769630462,265.322998046875,716.6627807617188,2.890619907702785e-05,155.71141052246094,714.9788208007812,1.1122053365397733e-05,76.19536590576172,708.9121704101562,4.1690254874993116e-06
4,5.042941093444824,3.0810558795928955,4.250805886840681e-06,1.363645315170288,-2.6807589530944824,1.5140893765419605e-06,138.40118408203125,0.9912827014923096,4.503939635469578e-06,156.34190368652344,4.0467305183410645,6.5552740124985576e-06,259.5504150390625,712.5794067382812,0.0001092366874217987,266.3608703613281,717.0001831054688,2.1941601517028175e-05,80.77375030517578,712.3875732421875,6.549218596774153e-06,76.19536590576172,709.0480346679688,3.980704605055507e-06
5,5.042941093444824,3.0810558795928955,3.787361492868513e-06,271.7173156738281,711.326416015625,1.0112905783898896e-06,137.2768096923828,0.9912827014923096,5.109083303977968e-06,156.27505493164062,4.0467305183410645,1.187532689073123e-05,259.184814453125,712.8353271484375,0.00011761487257899716,263.2372741699219,717.0001831054688,4.172621629550122e-05,80.77375030517578,714.7134399414062,1.7718986782711e-05,76.19536590576172,709.0480346679688,2.89499821519712e-05
6,4.621524333953857,3.0810558795928955,8.029663149500266e-06,1.6032383441925049,-2.402360439300537,5.766791673522675e-06,137.2768096923828,0.013418912887573242,5.700091151084052e-06,156.27505493164062,4.0467305183410645,1.4614329302276019e-05,259.184814453125,713.0145263671875,0.00014232934336178005,260.373291015625,716.88720703125,3.381843271199614e-05,74.20233154296875,712.3875732421875,2.1650064809364267e-05,3.093794345855713,-0.5963406562805176,5.711325502488762e-05
7,4.777370452880859,2.9305546283721924,2.8036222374794306e-06,1.6032383441925049,-2.402360439300537,9.704789363240707e-07,137.2768096923828,0.013418912887573242,4.303415607864736e-06,156.34190368652344,4.159749507904053,1.294443882216001e-05,260.518310546875,713.0145263671875,0.00041266452171839774,266.3608703613281,716.88720703125,5.7476263464195654e-05,74.20233154296875,708.1453857421875,6.148488864710089e-06,3.093794345855713,-0.925323486328125,2.5552903935022186e-06
8,4.777370452880859,2.9305546283721924,4.3879244913114235e-06,1.6032383441925049,-2.402360439300537,1.574462203279836e-06,137.06918334960938,0.24160408973693848,5.608756055153208e-06,156.28736877441406,4.217408180236816,1.5985160644049756e-05,260.7838439941406,713.150390625,0.00023486852296628058,260.373291015625,716.6954956054688,2.9556667868746445e-05,80.77375030517578,3.8289055824279785,1.28690244309837e-05,3.093794345855713,-0.925323486328125,4.899736723018577e-06
9,4.777370452880859,2.8853237628936768,3.4560814583528554e-06,1.3539724349975586,-2.435708522796631,9.703401246952126e-07,137.2768096923828,0.002696990966796875,3.646145614766283e-06,156.48890686035156,4.181307792663574,8.404762411373667e-06,260.518310546875,713.150390625,4.3194915633648634e-05,5.259977340698242,2.240964889526367,2.611051604617387e-05,-2.1688127517700195,3.8289055824279785,4.883340352535015e-06,3.093794345855713,-0.9820957183837891,3.7356273878685897e-06
10,4.777370452880859,2.9305546283721924,4.126507519686129e-06,1.3539724349975586,-2.435708522796631,1.089896841222071e-06,137.7302703857422,0.24160408973693848,6.381128969223937e-06,156.58401489257812,4.217408180236816,3.12957854475826e-05,260.518310546875,713.150390625,0.00017760333139449358,5.259977340698242,2.240964889526367,1.947359305631835e-05,-2.1688127517700195,3.8289055824279785,6.420580575650092e-06,3.4843974113464355,-0.925323486328125,6.6902657636092044e-06
11,4.777370452880859,3.156794548034668,2.5087072117457865e-06,1.3539724349975586,-2.435708522796631,7.528927312705491e-07,137.46925354003906,0.24160408973693848,3.1331676382251317e-06,156.48890686035156,4.181307792663574,1.4138031474431045e-05,260.7838439941406,713.7677001953125,2.7463913284009323e-05,263.3311767578125,716.3613891601562,1.2852246072725393e-05,155.4053192138672,4.0284833908081055,3.857595402223524e-06,155.7256317138672,1.4361674785614014,2.1929888589511393e-06
12,4.835888862609863,3.2233753204345703,3.186255071341293e-06,1.291198492050171,-2.7692618370056152,3.419705535634421e-06,137.70106506347656,-0.02191305160522461,6.7402315835352056e-06,156.47520446777344,4.181307792663574,3.374780862941407e-05,260.4334411621094,712.810302734375,0.0015394864603877068,5.259977340698242,2.3434860706329346,3.110802572336979e-05,155.4053192138672,4.0284833908081055,9.337738447356969e-06,155.7256317138672,1.4361674785614014,4.311174961912911e-06
13,4.835888862609863,3.2233753204345703,2.791134193103062e-06,267.8253173828125,715.8858642578125,1.4794528624406666e-06,137.70106506347656,-0.03338003158569336,4.877578248851933e-06,156.47520446777344,4.181307792663574,9.176748790196143e-06,260.21820068359375,712.6879272460938,6.0159018175909296e-05,263.3311767578125,716.3613891601562,8.69867653818801e-05,155.41763305664062,4.0284833908081055,5.854070423083613e-06,155.72052001953125,1.5574631690979004,2.8133581508882344e-06
14,4.4741716384887695,3.2439167499542236,4.246486696501961e-06,267.8253173828125,715.8858642578125,1.122183107327146e-06,137.46925354003906,-0.02191305160522461,4.455413090909133e-06,156.47520446777344,4.452128887176514,1.0490111890248954e-05,259.5108337402344,712.810302734375,9.001107537187636e-05,263.3311767578125,716.3613891601562,1.820051511458587e-05,155.41763305664062,4.0284833908081055,5.979912202747073e-06,155.72052001953125,1.7993037700653076,3.957614353566896e-06
15,4.42897367477417,3.2439167499542236,2.753685976131237e-06,267.8253173828125,715.8858642578125,2.918777454397059e-06,137.46925354003906,-0.02191305160522461,5.630568011838477e-06,156.41543579101562,4.056441307067871,1.2426490684447344e-05,260.21820068359375,713.3309326171875,0.001144935260526836,264.4553527832031,716.3613891601562,2.506138480384834e-05,155.41763305664062,711.92041015625,5.443404461402679e-06,155.72052001953125,1.7993037700653076,3.3548676583450288e-06
16,4.42897367477417,3.7924869060516357,4.63942114947713e-06,269.29315185546875,715.8858642578125,1.1953701459788135e-06,137.70106506347656,0.0009355545043945312,5.097092071082443e-06,156.41543579101562,4.561511993408203,1.6287474863929674e-05,260.21820068359375,712.810302734375,0.00021815281070303172,264.4553527832031,715.996826171875,2.484818105585873e-05,155.41763305664062,711.92041015625,3.7799065466970205e-05,155.72052001953125,708.6630249023438,2.2060628907638602e-05
17,4.42897367477417,3.7924869060516357,4.041594820591854e-06,269.29315185546875,717.4330444335938,3.6579663174052257e-06,250.35003662109375,712.03759765625,5.454519850900397e-06,156.32908630371094,4.561511993408203,1.1074700523749925e-05,260.21820068359375,712.397216796875,0.0003629254933912307,264.4553527832031,716.4223022460938,6.293593469308689e-05,155.41763305664062,713.6184692382812,8.582045666116755e-06,155.72052001953125,714.2872314453125,5.507222340384033e-06
18,5.384422302246094,3.7924869060516357,3.5764860513154417e-06,269.29315185546875,717.4330444335938,3.042797516172868e-06,250.35003662109375,712.03759765625,3.518926178003312e-06,156.3702850341797,4.274393081665039,8.524929398845416e-06,259.5791015625,713.3309326171875,0.0026371865533292294,266.6544189453125,716.32470703125,0.0004518775676842779,169.63946533203125,713.6184692382812,1.236409843841102e-05,79.59737396240234,714.2872314453125,5.608948868029984e-06
19,5.485016822814941,3.7924869060516357,3.101166385022225e-06,269.8482360839844,717.4330444335938,2.7619364573183702e-06,265.09881591796875,713.962890625,4.765348421642557e-06,156.3702850341797,4.274393081665039,3.808732117249747e-06,262.18585205078125,713.3366088867188,0.0009599823970347643,267.7069396972656,716.32470703125,5.426193092716858e-05,269.0460205078125,715.1423950195312,2.1721287339460105e-05,268.8045959472656,715.2243041992188,4.455353519006167e-06
20,273.24066162109375,701.2123413085938,3.2480204481544206e-06,270.2921447753906,717.4330444335938,1.4249065998228616e-06,265.09881591796875,713.962890625,3.565183533282834e-06,268.5246276855469,699.0731201171875,1.295798756473232e-05,262.18585205078125,712.397216796875,0.0002903819549828768,267.7069396972656,715.996826171875,2.1263500457280315e-05,269.0460205078125,713.6184692382812,5.102198429085547e-06,269.69873046875,708.6630249023438,3.439850843278691e-06
21,347.7222900390625,706.2523803710938,9.029958164319396e-05,427.0863037109375,716.8199462890625,0.00015379040269181132,426.2757873535156,702.349853515625,8.370108116650954e-05,425.9765930175781,650.607177734375,9.353132190881297e-05,420.9951171875,709.5392456054688,0.07434729486703873,430.22039794921875,712.3916625976562,0.5340584516525269,439.0303649902344,703.9297485351562,0.017248280346393585,444.2604064941406,713.7412719726562,0.00012202613288536668
22,351.48712158203125,706.2523803710938,0.0009004505118355155,427.0863037109375,716.66259765625,0.0005323789664544165,426.2757873535156,702.349853515625,0.00020456465426832438,431.11090087890625,699.0731201171875,0.0003126676892861724,434.0226745605469,691.3007202148438,0.9721065759658813,467.8353271484375,702.907958984375,0.9248172044754028,471.64544677734375,702.7227172851562,0.006097830832004547,477.27325439453125,711.9011840820312,0.0009504097979515791
23,351.64813232421875,706.2523803710938,0.0738319605588913,427.0863037109375,716.3497924804688,0.00193509878590703,426.2757873535156,715.04296875,0.0003319450479466468,477.37298583984375,707.8375244140625,0.00035114638740196824,436.48553466796875,659.3623046875,0.9998819828033447,474.118408203125,668.8237915039062,0.9994601607322693,494.3168029785156,702.7227172851562,0.9958637952804565,492.3614501953125,711.9011840820312,0.0022951727733016014
24,351.64813232421875,706.12109375,0.5140607953071594,385.581787109375,698.9099731445312,0.380429744720459,402.14923095703125,702.349853515625,0.0008842684328556061,477.37298583984375,707.8375244140625,0.0008980535785667598,438.9068603515625,636.0054321289062,0.999967098236084,474.3315734863281,643.445556640625,0.999953031539917,498.14971923828125,671.098388671875,0.9997536540031433,493.7020568847656,701.5266723632812,0.9752643704414368
25,351.64813232421875,683.4695434570312,0.9034883975982666,384.85125732421875,672.9813232421875,0.92930668592453,402.14923095703125,694.4668579101562,0.7636095881462097,425.9765930175781,707.8375244140625,0.0006209432031027973,443.1176452636719,613.531494140625,0.9999443292617798,478.7250061035156,623.2926635742188,0.999930739402771,501.0390319824219,651.7459106445312,0.9999345541000366,494.73388671875,697.9848022460938,0.9992294311523438
26,361.0513916015625,655.9185791015625,0.657295823097229,384.85125732421875,670.9138793945312,0.8110809326171875,402.14923095703125,694.4668579101562,0.9607701301574707,423.64599609375,707.8375244140625,0.41147342324256897,447.1651916503906,588.90234375,0.9999549388885498,482.5887756347656,594.9697875976562,0.9999884366989136,507.42059326171875,625.1820678710938,0.9999173879623413,494.73388671875,668.1431884765625,0.9995162487030029
27,361.2725830078125,632.33056640625,0.9955577254295349,385.581787109375,644.4474487304688,0.9973146319389343,403.894775390625,667.4042358398438,0.9946671724319458,423.64599609375,693.2659912109375,0.9944361448287964,448.8564758300781,564.8712768554688,0.9999897480010986,487.14593505859375,572.857421875,0.9999113082885742,509.5870361328125,599.56201171875,0.9999399185180664,500.266357421875,646.1593017578125,0.9999728202819824
28,367.00616455078125,604.0172729492188,0.9971436858177185,392.3896484375,620.179931640625,0.9984618425369263,407.93353271484375,642.6401977539062,0.9893804788589478,423.64599609375,673.7877807617188,0.9945908784866333,449.01483154296875,544.0659790039062,0.9999872446060181,487.54669189453125,547.74462890625,0.9999548196792603,511.12481689453125,573.6641235351562,0.9999268054962158,506.85675048828125,618.10205078125,0.999784529209137
29,371.1776428222656,585.33544921875,0.9990091323852539,394.8251647949219,601.5897216796875,0.9992371797561646,411.4637451171875,623.0621948242188,0.9963346719741821,434.27960205078125,647.9909057617188,0.9990942478179932,450.6980895996094,522.5408935546875,0.9999574422836304,487.7266540527344,527.9005126953125,0.9999583959579468,514.4873046875,550.8798217773438,0.9999624490737915,507.2636413574219,596.6957397460938,0.9999724626541138
30,374.8479309082031,563.8458862304688,0.9994708895683289,396.48577880859375,581.05224609375,0.9979895353317261,413.3345642089844,603.8013305664062,0.9971833825111389,434.8455810546875,630.1203002929688,0.9988679885864258,456.1075439453125,500.47186279296875,0.9998074173927307,488.77783203125,510.8741455078125,0.9998648166656494,516.0151977539062,529.7012939453125,0.9999784231185913,510.18988037109375,575.64599609375,0.9998204112052917
31,389.73583984375,533.8783569335938,0.7822653651237488,410.96075439453125,559.591796875,0.9890811443328857,427.4651184082031,578.113037109375,0.9985464215278625,447.44268798828125,602.2247924804688,0.9987989664077759,459.91546630859375,479.91522216796875,0.9997053742408752,492.7867126464844,485.39837646484375,0.9999825954437256,519.955810546875,506.32232666015625,0.9999344348907471,513.0971069335938,550.5098876953125,0.9999860525131226
32,399.9480895996094,512.693115234375,0.9195366501808167,421.9109191894531,532.1458129882812,0.9723683595657349,436.4006652832031,553.1306762695312,0.9978795051574707,450.26739501953125,580.3179321289062,0.999919056892395,459.91546630859375,454.48089599609375,0.9998867511749268,494.2848205566406,458.6748046875,0.9999102354049683,520.7282104492188,485.1700744628906,0.9999538660049438,516.1470947265625,532.0032958984375,0.9999845027923584
33,402.975830078125,495.0502624511719,0.9982459545135498,426.3774108886719,509.19390869140625,0.9986675977706909,442.2695617675781,530.2667236328125,0.9985164999961853,453.94573974609375,559.472900390625,0.9996557235717773,459.91546630859375,427.7843933105469,0.9999164342880249,494.2848205566406,435.39300537109375,0.9999796152114868,521.2394409179688,461.8749694824219,0.9998701810836792,518.6039428710938,511.5218811035156,0.9999513626098633
34,402.975830078125,485.0341796875,0.999703586101532,426.3774108886719,491.5576171875,0.9995429515838623,445.25103759765625,506.8106689453125,0.9994146823883057,464.47320556640625,530.8356323242188,0.9982865452766418,455.9735412597656,415.336669921875,0.9999101161956787,494.2848205566406,417.5427551269531,0.999966025352478,521.2394409179688,442.1280517578125,0.99989914894104,520.210205078125,491.6402587890625,0.9999047517776489
35,402.975830078125,472.9309387207031,0.9988647699356079,426.3774108886719,475.69635009765625,0.99739670753479,445.25103759765625,489.2171630859375,0.9990801811218262,464.47320556640625,512.5799560546875,0.9996071457862854,455.3331604003906,396.2454833984375,0.9999752044677734,492.7478942871094,398.9660339355469,0.9999351501464844,520.7980346679688,422.3147277832031,0.9999649524688721,520.210205078125,469.8233337402344,0.9999594688415527
36,391.268798828125,460.73150634765625,0.9990091323852539,420.0906982421875,465.9651184082031,0.9929279685020447,445.25103759765625,477.2596130371094,0.9944202303886414,464.47320556640625,499.4007873535156,0.9996848106384277,454.9941101074219,376.40191650390625,0.9999688863754272,491.04058837890625,380.2209777832031,0.9999467134475708,520.7282104492188,404.8567810058594,0.9999732971191406,520.210205078125,452.5066223144531,0.999970555305481
37,390.7385559082031,440.2671203613281,0.9997931122779846,416.7602233886719,449.6471862792969,0.9992986917495728,440.4242858886719,466.2790832519531,0.9998075366020203,461.9164123535156,489.8460998535156,0.9998462200164795,450.1816711425781,362.4403991699219,0.9999849796295166,488.9288330078125,363.40509033203125,0.9999310970306396,518.00537109375,387.4324645996094,0.9999856948852539,519.0070190429688,436.3608703613281,0.9999850988388062
38,390.2919921875,429.1144714355469,0.9999372959136963,416.1876525878906,437.2275390625,0.999760091304779,439.6075439453125,452.2732849121094,0.9997660517692566,461.4136962890625,473.5034484863281,0.9998218417167664,446.5014343261719,345.05914306640625,0.9999359846115112,486.74920654296875,347.71533203125,0.9999738931655884,516.7705078125,371.18023681640625,0.9999896287918091,517.6990356445312,416.6466369628906,0.9999667406082153
39,389.6534729003906,416.85394287109375,0.9999246597290039,415.66070556640625,424.655517578125,0.9992856383323669,439.14190673828125,437.3482666015625,0.9998339414596558,460.8721008300781,459.26580810546875,0.9998706579208374,445.4531555175781,329.61627197265625,0.9999397993087769,484.31317138671875,332.7959289550781,0.9999871253967285,514.489501953125,354.80718994140625,0.9999834299087524,517.2528686523438,401.34393310546875,0.9999823570251465
40,389.3664855957031,404.7640380859375,0.9999293088912964,413.8627624511719,410.44134521484375,0.9991819262504578,436.94488525390625,423.0796813964844,0.9997145533561707,460.8721008300781,447.3411865234375,0.9997993111610413,439.5339660644531,318.5714416503906,0.9999768733978271,481.62060546875,317.27642822265625,0.9999682903289795,511.36163330078125,337.4118957519531,0.9999651908874512,516.8287353515625,384.93646240234375,0.9999616146087646
41,388.930908203125,394.4698486328125,0.9999066591262817,413.103759765625,400.0310974121094,0.9998584985733032,434.0816650390625,410.9473876953125,0.9998865127563477,457.9494934082031,433.377197265625,0.9999090433120728,437.0132751464844,306.3728942871094,0.9999945163726807,477.4395751953125,305.1136779785156,0.9999779462814331,508.65869140625,324.6102294921875,0.9999802112579346,512.61376953125,372.5987548828125,0.999985933303833
42,388.01361083984375,390.6056823730469,0.9998487234115601,409.8416442871094,395.0609436035156,0.9995343685150146,433.564453125,405.189208984375,0.9998685121536255,453.92120361328125,426.5443420410156,0.9999369382858276,430.9331359863281,297.9500732421875,0.9999637603759766,473.3081359863281,294.3385009765625,0.9999750852584839,504.8483581542969,311.2242126464844,0.9999431371688843,510.22552490234375,357.40924072265625,0.9999674558639526
43,384.6624755859375,381.9855651855469,0.9997642636299133,407.5570373535156,385.0655822753906,0.999817430973053,431.950927734375,394.13018798828125,0.9999381303787231,453.035888671875,414.1100769042969,0.9998757839202881,427.7844543457031,285.6241760253906,0.9999749660491943,470.23260498046875,280.3459777832031,0.9999731779098511,501.543701171875,296.2922058105469,0.9999794960021973,509.37872314453125,342.8381652832031,0.9999798536300659
44,384.6624755859375,375.24224853515625,0.9999376535415649,407.5570373535156,378.9601135253906,0.9998996257781982,431.9233703613281,387.98345947265625,0.9999716281890869,453.035888671875,404.2783508300781,0.999956488609314,421.4110412597656,277.3992004394531,0.9999967813491821,464.66351318359375,273.1912536621094,0.9999666213989258,497.694091796875,287.0485534667969,0.9999748468399048,506.47021484375,333.2232666015625,0.9999030828475952
45,385.8194885253906,368.7171630859375,0.9997548460960388,407.62091064453125,371.8795166015625,0.9998488426208496,431.950927734375,381.04156494140625,0.9998548030853271,453.471923828125,395.6556091308594,0.9999027252197266,417.0071716308594,271.5201416015625,0.9999779462814331,458.4976806640625,265.5643005371094,0.9999361038208008,492.8853454589844,278.3655700683594,0.9999754428863525,503.39923095703125,323.72833251953125,0.999990701675415
46,385.87603759765625,368.47235107421875,0.9997102618217468,409.29742431640625,368.9770812988281,0.9998486042022705,432.7269287109375,375.5512390136719,0.9998778104782104,453.8194885253906,390.2341003417969,0.9999281167984009,414.0982971191406,267.5531005859375,0.9999551773071289,455.409912109375,260.1051940917969,0.9999632835388184,489.24114990234375,270.8332214355469,0.9998650550842285,500.91748046875,314.38043212890625,0.9999886751174927
47,385.87603759765625,362.9463195800781,0.9998809099197388,409.29742431640625,363.8494567871094,0.9998674392700195,432.7269287109375,370.5118408203125,0.999964714050293,453.8194885253906,385.39459228515625,0.9999052286148071,409.0892028808594,265.3292541503906,0.9999607801437378,451.07708740234375,253.5661163330078,0.9999794960021973,485.96636962890625,264.59564208984375,0.9999498128890991,499.1202392578125,307.25750732421875,0.9999948740005493
48,387.27020263671875,360.9004821777344,0.9997482895851135,409.791015625,360.5462646484375,0.9996339082717896,432.7269287109375,365.9116516113281,0.9997691512107849,454.11419677734375,379.8207092285156,0.9998676776885986,407.6453857421875,265.3292541503906,0.9999758005142212,449.18951416015625,252.7842254638672,0.9999682903289795,483.5186462402344,259.8901672363281,0.9999806880950928,497.2819519042969,302.3418273925781,0.999975323677063
49,387.56219482421875,360.9004821777344,0.9999107122421265,409.9253234863281,358.929931640625,0.9998798370361328,432.7269287109375,362.7672424316406,0.9998534917831421,454.2811584472656,377.0687255859375,0.9995156526565552,406.1547546386719,265.3292541503906,0.9999852180480957,447.81201171875,250.62818908691406,0.9999421834945679,481.6964111328125,256.6229553222656,0.9999604225158691,496.8702697753906,297.946044921875,0.9999797344207764
50,387.7730407714844,360.9004821777344,0.9998983144760132,409.791015625,358.7791748046875,0.9998935461044312,432.0574035644531,361.45458984375,0.9998866319656372,454.8530578613281,375.94525146484375,0.9996030926704407,404.4281921386719,266.6122131347656,0.9999897480010986,446.1265563964844,248.71591186523438,0.9999707937240601,478.8916320800781,252.6942138671875,0.9999303817749023,494.6805419921875,295.97564697265625,0.9999758005142212
51,387.84454345703125,362.12762451171875,0.9998728036880493,409.9253234863281,358.7791748046875,0.9999215602874756,430.56353759765625,361.45458984375,0.9999661445617676,454.97406005859375,375.94525146484375,0.999789297580719,404.4281921386719,266.7497863769531,0.9999920129776001,440.6080322265625,245.07888793945312,0.9999665021896362,477.0036926269531,249.45077514648438,0.9999384880065918,493.56341552734375,294.0233154296875,0.999988317489624
52,388.170654296875,364.7740173339844,0.9999464750289917,409.9253234863281,358.929931640625,0.9998944997787476,430.56353759765625,361.45458984375,0.999903678894043,456.48040771484375,375.94525146484375,0.9996991157531738,404.31634521484375,268.56146240234375,0.9999936819076538,438.7256164550781,245.07888793945312,0.9999821186065674,473.1134948730469,249.45077514648438,0.9999352693557739,491.9074401855469,294.0233154296875,0.9999887943267822
53,389.81732177734375,366.8195495605469,0.9999476671218872,409.9744567871094,361.2957763671875,0.9998934268951416,430.56353759765625,363.6629333496094,0.9999480247497559,456.694580078125,376.994140625,0.9998477697372437,404.4281921386719,271.0090026855469,0.9999935626983643,437.5743103027344,245.07888793945312,0.9999865293502808,470.2337646484375,249.45077514648438,0.9999735355377197,490.2319641113281,294.0233154296875,0.9999781847000122
54,392.8443298339844,370.92230224609375,0.9999330043792725,411.2867736816406,363.33270263671875,0.9999303817749023,432.08477783203125,365.9884338378906,0.9997956156730652,458.9002990722656,377.9238586425781,0.9999357461929321,404.5907287597656,274.54351806640625,0.9999969005584717,434.9498596191406,246.6869659423828,0.9999808073043823,467.647705078125,250.84552001953125,0.9999872446060181,488.15032958984375,295.1021728515625,0.9999701976776123
55,393.8998718261719,372.8222351074219,0.9999560117721558,411.8949279785156,366.3370056152344,0.999908447265625,432.298828125,369.1319274902344,0.9999159574508667,459.3924865722656,380.459228515625,0.9999579191207886,404.7702331542969,276.29632568359375,0.9999978542327881,433.4404296875,248.90870666503906,0.9999312162399292,465.6328125,253.5408172607422,0.999985933303833,486.49859619140625,297.73944091796875,0.999975323677063
56,396.6181640625,374.63006591796875,0.9999803304672241,414.1253356933594,367.5293884277344,0.9999374151229858,434.5229797363281,369.46612548828125,0.9999738931655884,459.9508972167969,381.0916748046875,0.9999723434448242,404.7702331542969,279.0685119628906,0.999996542930603,431.031982421875,251.63641357421875,0.9999488592147827,464.1139221191406,255.11012268066406,0.999963641166687,485.5220947265625,300.7070007324219,0.9999887943267822
57,397.0279235839844,374.96484375,0.9999881982803345,414.1362609863281,369.5690612792969,0.9999834299087524,435.1377258300781,372.0682067871094,0.9999843835830688,460.7148742675781,384.09625244140625,0.9999523162841797,405.2704772949219,281.5024108886719,0.9999939203262329,431.031982421875,255.93310546875,0.9999675750732422,463.2938537597656,257.95989990234375,0.999972939491272,484.33551025390625,302.7519226074219,0.9999885559082031
58,398.76690673828125,375.84417724609375,0.9999793767929077,416.9185791015625,369.85894775390625,0.9999796152114868,437.0820007324219,372.569580078125,0.9999852180480957,463.07110595703125,384.7738037109375,0.9999364614486694,405.7045593261719,281.82879638671875,0.9999908208847046,430.6244812011719,257.05047607421875,0.9999842643737793,463.1375427246094,259.6310119628906,0.9999810457229614,482.9222106933594,304.7001037597656,0.9999948740005493
59,399.640625,376.9555969238281,0.9999693632125854,417.1099853515625,371.0517578125,0.9999903440475464,437.1031799316406,373.0223693847656,0.9999829530715942,463.07110595703125,385.2981872558594,0.9999370574951172,406.3977355957031,283.44708251953125,0.9999939203262329,430.6244812011719,257.435546875,0.9999768733978271,462.87274169921875,260.7740478515625,0.9999806880950928,482.90057373046875,306.5350341796875,0.9999967813491821
60,399.640625,377.1946105957031,0.9999723434448242,417.1099853515625,371.1078186035156,0.9999886751174927,437.2569580078125,373.7004089355469,0.9999804496765137,463.1678771972656,386.2080383300781,0.9999688863754272,406.53125,283.7095031738281,0.9999932050704956,430.6244812011719,257.435546875,0.9999849796295166,462.83856201171875,261.95721435546875,0.9999802112579346,482.6822204589844,307.8987731933594,0.9999970197677612
61,399.6842956542969,377.26068115234375,0.9999752044677734,417.4615173339844,371.4275207519531,0.9999915361404419,438.00421142578125,373.9966735839844,0.9999748468399048,463.3586730957031,386.49664306640625,0.9999635219573975,406.53125,283.9654235839844,0.9999948740005493,430.6244812011719,257.5595397949219,0.9999780654907227,462.5184631347656,262.3029479980469,0.9999759197235107,482.678955078125,309.0313415527344,0.9999964237213135
62,399.6842956542969,377.9521179199219,0.9999669790267944,417.2681884765625,372.1282653808594,0.999983549118042,438.01324462890625,375.2140197753906,0.9999548196792603,463.8731994628906,387.3103942871094,0.999975323677063,406.3977355957031,285.61822509765625,0.9999924898147583,430.6244812011719,257.57623291015625,0.9999802112579346,462.0771484375,263.177978515625,0.999964714050293,482.40362548828125,309.61041259765625,0.9999959468841553
63,400.0284423828125,377.9521179199219,0.999974250793457,417.4615173339844,372.5862731933594,0.9999899864196777,439.03961181640625,375.2140197753906,0.9999643564224243,464.7571105957031,387.51971435546875,0.9999663829803467,406.2821350097656,285.7933349609375,0.9999936819076538,430.3642883300781,257.8287048339844,0.9999899864196777,462.0771484375,263.177978515625,0.9999513626098633,482.36517333984375,309.7447814941406,0.9999955892562866
64,400.0284423828125,377.9521179199219,0.9999798536300659,417.4615173339844,372.5862731933594,0.9999910593032837,439.03961181640625,375.0712890625,0.9999405145645142,465.09466552734375,387.51971435546875,0.9999717473983765,406.09014892578125,285.7933349609375,0.9999923706054688,430.3642883300781,257.864013671875,0.999980092048645,462.0771484375,263.4360046386719,0.9999693632125854,482.30438232421875,309.89886474609375,0.9999961853027344
65,400.5105895996094,377.9521179199219,0.99997878074646,418.93792724609375,372.5862731933594,0.9999901056289673,439.03961181640625,375.0712890625,0.9999552965164185,465.09466552734375,387.51971435546875,0.999972939491272,406.09014892578125,286.4439697265625,0.9999933242797852,430.46826171875,258.3788146972656,0.9999834299087524,462.05316162109375,263.6018981933594,0.9999713897705078,482.36517333984375,310.0127258300781,0.9999958276748657
66,400.7196350097656,377.9521179199219,0.9999778270721436,419.189697265625,372.46807861328125,0.9999934434890747,439.84344482421875,374.7752685546875,0.9999432563781738,465.3142395019531,387.5359191894531,0.9999686479568481,406.0209655761719,286.4439697265625,0.9999948740005493,430.46826171875,258.4791564941406,0.9999886751174927,462.0703430175781,263.6018981933594,0.99996018409729,482.36517333984375,310.10089111328125,0.9999953508377075
67,401.09637451171875,378.67108154296875,0.9999809265136719,419.3595886230469,372.46807861328125,0.9999942779541016,440.0098571777344,374.7752685546875,0.9999494552612305,465.3142395019531,387.74383544921875,0.9999722242355347,406.0209655761719,286.42291259765625,0.9999929666519165,430.46826171875,258.4791564941406,0.9999877214431763,462.2677917480469,263.6018981933594,0.9999618530273438,482.30438232421875,310.1062927246094,0.9999954700469971
68,401.09637451171875,378.18328857421875,0.9999874830245972,419.3595886230469,372.46807861328125,0.9999926090240479,440.0098571777344,375.0712890625,0.9999606609344482,465.09466552734375,387.5359191894531,0.9999778270721436,406.11993408203125,285.56756591796875,0.9999942779541016,430.486328125,259.0600280761719,0.9999910593032837,462.1977844238281,263.6018981933594,0.9999651908874512,482.30438232421875,310.1062927246094,0.9999946355819702
69,401.09637451171875,378.18328857421875,0.9999855756759644,419.189697265625,372.2123718261719,0.999988317489624,440.59295654296875,374.18243408203125,0.9999082088470459,464.626953125,386.656005859375,0.9999501705169678,406.6588439941406,285.56756591796875,0.999992847442627,430.46826171875,259.0827331542969,0.9999874830245972,462.1977844238281,263.4421081542969,0.9999687671661377,482.4483642578125,310.3600158691406,0.9999945163726807
70,400.19329833984375,378.67108154296875,0.9999656677246094,418.8539733886719,372.2123718261719,0.9999798536300659,441.4272155761719,374.18243408203125,0.9999539852142334,464.626953125,386.656005859375,0.9999788999557495,406.76611328125,285.1092529296875,0.999993085861206,430.486328125,261.6289978027344,0.9999903440475464,462.1977844238281,262.5584411621094,0.9999802112579346,482.9822082519531,310.179443359375,0.9999926090240479
71,400.11102294921875,378.9836730957031,0.9999666213989258,418.43768310546875,372.7911376953125,0.9999783039093018,441.8125,375.9503173828125,0.9999672174453735,464.5428466796875,386.656005859375,0.9999700784683228,406.76611328125,285.1092529296875,0.9999961853027344,430.7127685546875,262.00634765625,0.9999862909317017,462.1977844238281,262.5584411621094,0.9999780654907227,483.3756408691406,310.179443359375,0.999991774559021
72,400.11102294921875,378.18328857421875,0.9999713897705078,418.12615966796875,372.74932861328125,0.999984622001648,441.9762878417969,375.7726135253906,0.9999700784683228,464.5428466796875,386.656005859375,0.9999767541885376,406.9053955078125,285.1092529296875,0.999994158744812,431.0370178222656,262.4685974121094,0.9999879598617554,462.0573425292969,262.5584411621094,0.999980092048645,483.3926086425781,310.7287902832031,0.9999940395355225
73,400.19329833984375,378.9836730957031,0.9999809265136719,418.12615966796875,371.9833679199219,0.9999788999557495,442.291748046875,374.18243408203125,0.9999631643295288,464.9139099121094,386.4002685546875,0.9999746084213257,406.6588439941406,285.7322692871094,0.9999936819076538,431.0370178222656,262.4685974121094,0.9999873638153076,462.0573425292969,262.5584411621094,0.9999746084213257,483.3926086425781,310.7287902832031,0.9999921321868896
74,400.19329833984375,378.9836730957031,0.9999746084213257,418.12615966796875,371.9833679199219,0.9999817609786987,442.8060607910156,374.1219177246094,0.9999444484710693,465.04754638671875,386.30694580078125,0.9999819993972778,406.9053955078125,286.21337890625,0.999995231628418,431.119384765625,261.80072021484375,0.9999825954437256,462.0573425292969,262.5584411621094,0.9999722242355347,483.3926086425781,310.508544921875,0.9999916553497314
75,400.32818603515625,379.3368835449219,0.9999740123748779,418.12615966796875,372.74932861328125,0.9999632835388184,442.953857421875,375.36553955078125,0.9999707937240601,465.8860168457031,387.2008056640625,0.9999768733978271,406.9053955078125,287.0364990234375,0.9999939203262329,431.0370178222656,262.4685974121094,0.9999911785125732,462.0889587402344,262.6170959472656,0.9999747276306152,483.3756408691406,310.508544921875,0.9999926090240479
76,400.3597412109375,378.7494201660156,0.9999548196792603,417.96417236328125,372.74932861328125,0.9999743700027466,442.953857421875,375.2274169921875,0.9999701976776123,465.8860168457031,387.0916442871094,0.9999774694442749,407.13909912109375,286.21337890625,0.9999853372573853,430.6886901855469,262.3273010253906,0.9999864101409912,462.0889587402344,262.5154724121094,0.9999749660491943,483.394775390625,310.508544921875,0.9999922513961792
77,400.3597412109375,379.29132080078125,0.9999833106994629,417.96417236328125,371.7422180175781,0.9999802112579346,443.2127990722656,373.5616760253906,0.9999629259109497,465.8860168457031,385.9367370605469,0.9999769926071167,407.1658630371094,287.0364990234375,0.9999921321868896,430.6579895019531,261.80072021484375,0.9999854564666748,462.0889587402344,262.5029602050781,0.9999734163284302,483.1114196777344,310.4630432128906,0.9999929666519165
78,400.3643798828125,378.84161376953125,0.9999816417694092,418.3740234375,372.35906982421875,0.9999828338623047,442.953857421875,374.4667663574219,0.9999580383300781,465.8860168457031,385.8888854980469,0.9999788999557495,407.1658630371094,287.0364990234375,0.9999938011169434,430.6886901855469,262.3273010253906,0.9999891519546509,462.0889587402344,262.5154724121094,0.9999767541885376,483.23443603515625,310.508544921875,0.9999922513961792
79,400.3643798828125,378.84161376953125,0.9999816417694092,418.74383544921875,372.71044921875,0.999984622001648,442.738525390625,375.2274169921875,0.9999768733978271,465.6705627441406,387.0916442871094,0.9999758005142212,407.1658630371094,286.8800354003906,0.9999896287918091,430.6579895019531,262.93646240234375,0.9999901056289673,462.0915222167969,262.5152893066406,0.9999779462814331,483.23443603515625,310.5419006347656,0.9999929666519165
80,400.3766784667969,378.84161376953125,0.9999740123748779,418.4979553222656,372.71044921875,0.9999892711639404,442.6596984863281,375.11834716796875,0.9999649524688721,465.25494384765625,387.0916442871094,0.9999707937240601,407.1658630371094,286.8800354003906,0.9999905824661255,430.6579895019531,262.3273010253906,0.9999818801879883,462.0915222167969,262.5152893066406,0.9999762773513794,483.23443603515625,310.8075256347656,0.9999901056289673
81,400.3643798828125,379.29132080078125,0.9999641180038452,418.4979553222656,372.71044921875,0.9999856948852539,442.6596984863281,375.11834716796875,0.9999679327011108,465.25494384765625,387.5718688964844,0.9999762773513794,407.1658630371094,286.8800354003906,0.999992847442627,430.52435302734375,262.69097900390625,0.9999884366989136,462.186767578125,262.5152893066406,0.9999769926071167,483.1222839355469,310.958984375,0.9999924898147583
82,400.14105224609375,378.84161376953125,0.9999836683273315,418.4979553222656,372.71044921875,0.9999828338623047,442.6596984863281,375.11834716796875,0.9999721050262451,464.8561706542969,387.5718688964844,0.9999710321426392,406.675048828125,286.8800354003906,0.9999918937683105,430.4939880371094,262.97314453125,0.9999923706054688,462.186767578125,262.87847900390625,0.9999732971191406,483.23443603515625,311.12091064453125,0.999990701675415
83,400.0496826171875,379.36712646484375,0.999971866607666,418.32574462890625,373.2856140136719,0.9999634027481079,442.6596984863281,375.46905517578125,0.9999547004699707,464.2355041503906,388.4009094238281,0.9999771118164062,407.2226257324219,286.91851806640625,0.9999933242797852,430.4939880371094,262.97314453125,0.9999896287918091,462.2211608886719,263.123046875,0.9999812841415405,483.2901306152344,311.12738037109375,0.9999923706054688
84,399.9951171875,379.47125244140625,0.9999667406082153,418.1177978515625,373.63006591796875,0.9999818801879883,442.4093322753906,375.4986877441406,0.9999734163284302,464.2355041503906,388.5500793457031,0.9999746084213257,407.2226257324219,286.91851806640625,0.9999946355819702,430.52435302734375,263.1634521484375,0.9999867677688599,462.2211608886719,263.3749084472656,0.9999755620956421,483.2901306152344,311.6253356933594,0.9999904632568359
85,399.9951171875,379.36712646484375,0.9999738931655884,418.1177978515625,373.63006591796875,0.999976634979248,442.1076354980469,375.7276916503906,0.9999557733535767,464.3043212890625,388.5500793457031,0.9999659061431885,407.31634521484375,286.6109924316406,0.9999910593032837,430.9893493652344,263.40338134765625,0.9999799728393555,462.3017883300781,263.3718566894531,0.9999688863754272,483.4635314941406,311.7369689941406,0.9999884366989136
86,400.0496826171875,379.29522705078125,0.999966025352478,418.1177978515625,373.49755859375,0.9999704360961914,442.1076354980469,375.7276916503906,0.9999680519104004,464.3043212890625,387.4479675292969,0.9999727010726929,407.2226257324219,287.1842041015625,0.9999923706054688,430.9893493652344,263.40338134765625,0.9999767541885376,462.2211608886719,263.3749084472656,0.9999717473983765,483.4981689453125,311.75347900390625,0.9999885559082031
87,400.0496826171875,379.29522705078125,0.9999823570251465,418.0700988769531,373.49755859375,0.9999908208847046,442.1076354980469,375.7276916503906,0.9999688863754272,464.3660583496094,387.8923034667969,0.9999721050262451,407.2226257324219,286.6109924316406,0.999991774559021,431.28369140625,263.40338134765625,0.9999788999557495,462.445556640625,263.3749084472656,0.9999724626541138,483.4635314941406,311.75347900390625,0.9999903440475464
88,400.0953674316406,378.3005676269531,0.9999719858169556,417.7349548339844,373.0167236328125,0.9999892711639404,442.1245422363281,375.7811279296875,0.9999598264694214,464.7574462890625,387.69427490234375,0.999977707862854,406.8081359863281,286.6109924316406,0.9999943971633911,431.28369140625,263.40338134765625,0.999985933303833,462.445556640625,263.3718566894531,0.9999738931655884,483.4635314941406,311.90802001953125,0.9999889135360718
89,400.1448669433594,378.3005676269531,0.9999645948410034,418.0700988769531,373.0167236328125,0.9999755620956421,442.16912841796875,375.7811279296875,0.9999436140060425,465.16741943359375,387.69427490234375,0.9999748468399048,406.80328369140625,286.7249450683594,0.9999929666519165,431.0472717285156,263.1380310058594,0.9999788999557495,462.4053649902344,263.2762756347656,0.9999752044677734,483.4981689453125,311.7369689941406,0.9999915361404419
90,400.1448669433594,378.3005676269531,0.9999586343765259,417.7349548339844,373.0167236328125,0.9999828338623047,442.20050048828125,375.848388671875,0.9999514818191528,465.16741943359375,387.8923034667969,0.9999806880950928,406.76751708984375,287.1348571777344,0.9999938011169434,431.0472717285156,262.98223876953125,0.999977707862854,462.0159606933594,263.2762756347656,0.9999721050262451,483.45037841796875,311.90802001953125,0.999987006187439
91,400.0953674316406,378.7862854003906,0.9999831914901733,417.5988464355469,373.0167236328125,0.9999786615371704,442.20050048828125,375.7811279296875,0.9999521970748901,465.7233581542969,387.8923034667969,0.9999816417694092,406.76751708984375,286.7249450683594,0.9999927282333374,431.1234130859375,263.1380310058594,0.999984860420227,462.4053649902344,263.2762756347656,0.9999743700027466,483.26220703125,311.8450622558594,0.9999892711639404
92,400.12347412109375,378.7862854003906,0.9999855756759644,417.7349548339844,372.470458984375,0.9999812841415405,442.2555847167969,375.7811279296875,0.9999591112136841,465.1775207519531,387.77777099609375,0.9999707937240601,406.45379638671875,287.1348571777344,0.9999929666519165,431.0472717285156,263.1380310058594,0.9999858140945435,462.3543395996094,263.3042907714844,0.9999716281890869,483.2436828613281,311.8450622558594,0.9999871253967285
93,400.12347412109375,379.5865783691406,0.9999587535858154,418.4246520996094,373.8417663574219,0.9999622106552124,442.40509033203125,376.0278625488281,0.9999607801437378,465.1775207519531,388.62689208984375,0.9999756813049316,406.2344665527344,287.1348571777344,0.9999927282333374,430.8699951171875,263.121337890625,0.9999713897705078,462.4053649902344,263.47052001953125,0.9999699592590332,483.26220703125,311.8450622558594,0.9999874830245972
94,399.479248046875,379.6986083984375,0.9999665021896362,417.5988464355469,373.6635437011719,0.9999778270721436,442.2555847167969,375.9580993652344,0.9999655485153198,464.8174133300781,387.77777099609375,0.9999761581420898,406.2344665527344,286.0288391113281,0.9999939203262329,431.1234130859375,263.121337890625,0.9999873638153076,462.3543395996094,263.565185546875,0.9999692440032959,483.2436828613281,311.8450622558594,0.9999908208847046
95,399.479248046875,379.6986083984375,0.9999758005142212,418.4246520996094,373.6635437011719,0.9999802112579346,442.40509033203125,375.8294982910156,0.9999678134918213,465.1775207519531,387.77777099609375,0.9999775886535645,406.96881103515625,286.0288391113281,0.9999939203262329,431.0541687011719,263.45086669921875,0.9999874830245972,462.3594055175781,263.565185546875,0.9999707937240601,483.1990966796875,311.8450622558594,0.9999885559082031
96,399.479248046875,379.6986083984375,0.999968409538269,418.4246520996094,373.6635437011719,0.9999662637710571,442.2555847167969,375.8294982910156,0.9999470710754395,464.8174133300781,388.2709655761719,0.9999783039093018,406.1330261230469,287.3711853027344,0.9999934434890747,430.4466552734375,263.121337890625,0.9999806880950928,462.3594055175781,263.565185546875,0.9999713897705078,483.2436828613281,311.7331237792969,0.9999901056289673
97,399.479248046875,379.6986083984375,0.9999737739562988,416.78369140625,373.6635437011719,0.9999771118164062,441.3646240234375,375.8294982910156,0.9999508857727051,464.39849853515625,388.2709655761719,0.9999735355377197,406.1330261230469,287.3804931640625,0.9999916553497314,430.4466552734375,262.7669372558594,0.9999809265136719,462.3594055175781,263.47052001953125,0.9999679327011108,483.1990966796875,311.7331237792969,0.9999865293502808
98,399.898681640625,378.53643798828125,0.9999654293060303,416.78369140625,373.0225830078125,0.9999679327011108,441.3646240234375,375.2874755859375,0.9999451637268066,464.39849853515625,388.0508728027344,0.9999592304229736,406.9327087402344,287.51953125,0.9999910593032837,431.0541687011719,263.45245361328125,0.999990701675415,462.3594055175781,263.710693359375,0.9999784231185913,483.1990966796875,311.7331237792969,0.99998939037323
99,399.898681640625,378.2894592285156,0.9999656677246094,416.9911193847656,372.8362121582031,0.9999834299087524,442.11004638671875,375.2874755859375,0.9999511241912842,464.7362060546875,388.15338134765625,0.9999613761901855,406.8663330078125,287.7267150878906,0.999992847442627,431.0541687011719,263.1576843261719,0.9999908208847046,462.3594055175781,263.64202880859375,0.9999716281890869,483.1990966796875,311.7331237792969,0.9999898672103882
100,398.7159423828125,378.2894592285156,0.9999653100967407,416.8311767578125,372.8362121582031,0.9999804496765137,441.3646240234375,375.2874755859375,0.9999580383300781,464.3448486328125,388.0508728027344,0.9999747276306152,406.8663330078125,287.51953125,0.9999923706054688,431.0566711425781,263.1576843261719,0.9999611377716064,462.40582275390625,263.3665466308594,0.9999676942825317,483.60614013671875,311.6829833984375,0.9999874830245972
101,398.7159423828125,378.2894592285156,0.9999547004699707,416.8311767578125,372.59832763671875,0.9999736547470093,441.3570251464844,375.2433166503906,0.9999639987945557,464.3448486328125,388.0228576660156,0.9999721050262451,406.8663330078125,287.3804931640625,0.9999899864196777,431.0860900878906,263.47418212890625,0.9999841451644897,462.2099914550781,263.3686218261719,0.9999678134918213,483.4809265136719,311.6711120605469,0.9999892711639404
102,398.6732177734375,378.5234680175781,0.9999696016311646,416.9911193847656,372.59832763671875,0.9999737739562988,441.42388916015625,375.3871154785156,0.9999561309814453,464.3448486328125,387.8434143066406,0.9999765157699585,406.88116455078125,287.51953125,0.9999947547912598,431.1515197753906,263.47418212890625,0.9999797344207764,462.40582275390625,263.3686218261719,0.9999724626541138,483.4809265136719,311.6829833984375,0.9999902248382568
103,398.6138610839844,379.15972900390625,0.999956488609314,416.8311767578125,373.4423522949219,0.9999737739562988,441.3570251464844,375.5451354980469,0.9999672174453735,464.2055969238281,388.0228576660156,0.9999736547470093,406.88116455078125,286.8858947753906,0.9999951124191284,431.0860900878906,263.36126708984375,0.9999786615371704,462.5417175292969,263.3686218261719,0.9999732971191406,483.4809265136719,311.6829833984375,0.9999905824661255
104,398.6138610839844,379.8025817871094,0.9999542236328125,416.794921875,373.64898681640625,0.9999634027481079,441.3570251464844,375.6293029785156,0.9999526739120483,464.2055969238281,388.0228576660156,0.9999719858169556,406.88116455078125,286.8705139160156,0.9999890327453613,431.1380615234375,263.47418212890625,0.9999865293502808,462.5417175292969,263.3686218261719,0.9999734163284302,483.64532470703125,311.9797668457031,0.9999877214431763
105,398.6732177734375,379.15972900390625,0.9999635219573975,416.794921875,373.4423522949219,0.9999685287475586,441.11572265625,375.5451354980469,0.9999133348464966,463.81951904296875,387.8434143066406,0.999971866607666,406.6631164550781,286.8705139160156,0.999988317489624,431.1380615234375,263.47418212890625,0.9999841451644897,462.5417175292969,263.3686218261719,0.9999669790267944,483.64532470703125,311.9797668457031,0.9999873638153076
106,398.6732177734375,379.15972900390625,0.9999661445617676,416.3044738769531,373.4423522949219,0.9999663829803467,441.0128173828125,375.6293029785156,0.9999500513076782,463.61639404296875,388.09686279296875,0.9999744892120361,406.6313171386719,286.8858947753906,0.9999938011169434,431.1380615234375,263.6956787109375,0.9999798536300659,462.65118408203125,263.5008544921875,0.9999682903289795,483.64532470703125,311.9797668457031,0.9999885559082031
107,398.46160888671875,379.03936767578125,0.9999788999557495,416.1323547363281,373.4423522949219,0.9999865293502808,440.296875,375.7276611328125,0.9999492168426514,463.61639404296875,388.09686279296875,0.9999639987945557,406.6313171386719,286.8705139160156,0.9999939203262329,430.8268127441406,263.6956787109375,0.9999825954437256,462.65118408203125,263.6038818359375,0.9999765157699585,483.66815185546875,311.9797668457031,0.9999896287918091
108,398.5273132324219,378.5426940917969,0.9999568462371826,416.1323547363281,373.40338134765625,0.9999604225158691,441.0128173828125,375.6293029785156,0.9999148845672607,464.16839599609375,387.90496826171875,0.9999812841415405,406.6313171386719,286.8705139160156,0.9999911785125732,431.07501220703125,263.87530517578125,0.9999706745147705,462.65118408203125,263.6038818359375,0.9999701976776123,483.64532470703125,311.9797668457031,0.9999899864196777
109,398.5273132324219,378.5426940917969,0.9999679327011108,416.1838073730469,373.2820739746094,0.999962329864502,441.0128173828125,374.8094787597656,0.9999114274978638,464.16839599609375,387.2210998535156,0.9999709129333496,407.3857421875,286.2686767578125,0.9999932050704956,431.07501220703125,263.87530517578125,0.9999840259552002,462.65118408203125,263.4549865722656,0.9999704360961914,483.6697082519531,311.73980712890625,0.9999887943267822
110,398.46160888671875,378.2161560058594,0.9999706745147705,415.8272705078125,372.9856262207031,0.9999696016311646,440.71209716796875,375.7276611328125,0.9999673366546631,464.16839599609375,387.90496826171875,0.9999711513519287,407.3857421875,287.742919921875,0.999992847442627,431.07501220703125,263.87530517578125,0.9999822378158569,462.59613037109375,263.6038818359375,0.9999703168869019,483.67193603515625,312.19000244140625,0.9999880790710449
111,398.46160888671875,378.2161560058594,0.9999587535858154,416.1838073730469,372.39105224609375,0.9999730587005615,440.71209716796875,375.72772216796875,0.9999616146087646,464.16839599609375,387.90496826171875,0.9999735355377197,407.3857421875,286.63311767578125,0.9999932050704956,430.57574462890625,263.76837158203125,0.9999661445617676,462.59613037109375,263.4549865722656,0.9999732971191406,483.7552185058594,312.19000244140625,0.9999901056289673
112,398.5273132324219,377.70703125,0.9999626874923706,416.2108459472656,372.37078857421875,0.9999698400497437,440.71209716796875,375.5257873535156,0.9999356269836426,463.0578918457031,386.7574768066406,0.9999676942825317,406.6866149902344,286.63311767578125,0.9999935626983643,430.57574462890625,263.8191833496094,0.9999836683273315,462.6138610839844,263.26300048828125,0.9999730587005615,483.7552185058594,311.9051513671875,0.999987006187439
113,398.58001708984375,378.2161560058594,0.9999555349349976,416.2108459472656,372.37078857421875,0.9999674558639526,440.71209716796875,375.5257873535156,0.9999333620071411,463.0578918457031,386.7574768066406,0.9999854564666748,406.6866149902344,286.63311767578125,0.999994158744812,430.57574462890625,263.8191833496094,0.9999868869781494,462.59613037109375,263.0093078613281,0.9999768733978271,483.7552185058594,311.58148193359375,0.9999896287918091
114,397.94061279296875,377.70703125,0.9999572038650513,416.2108459472656,372.157958984375,0.9999886751174927,440.0523986816406,375.5257873535156,0.9999492168426514,462.8592834472656,387.9092102050781,0.9999758005142212,406.6866149902344,286.8587646484375,0.9999947547912598,430.57574462890625,263.76837158203125,0.9999841451644897,462.5687561035156,263.0093078613281,0.9999762773513794,483.6221008300781,311.5638122558594,0.9999911785125732
115,397.6915283203125,376.89654541015625,0.9999629259109497,416.2108459472656,371.52825927734375,0.9999679327011108,439.945068359375,375.2264099121094,0.9999610185623169,462.8592834472656,387.9092102050781,0.9999662637710571,406.76312255859375,286.8587646484375,0.999991774559021,431.2904357910156,263.5843200683594,0.999980092048645,462.6138610839844,263.0093078613281,0.9999721050262451,483.411376953125,311.55926513671875,0.9999896287918091
116,397.1549377441406,376.82525634765625,0.99997878074646,415.4508361816406,371.1151123046875,0.9999618530273438,439.9459228515625,374.6033630371094,0.9998847246170044,462.8592834472656,386.7574768066406,0.999964714050293,407.32159423828125,286.8587646484375,0.999994158744812,431.2904357910156,263.5843200683594,0.9999748468399048,462.6571044921875,263.0093078613281,0.9999744892120361,483.40838623046875,311.0964050292969,0.99998939037323
117,397.1549377441406,376.82525634765625,0.9999666213989258,415.34564208984375,370.73907470703125,0.9999508857727051,439.945068359375,373.82037353515625,0.9998502731323242,462.8592834472656,386.6222229003906,0.9999487400054932,407.80865478515625,286.8587646484375,0.9999901056289673,431.4220275878906,263.3494873046875,0.9999783039093018,462.6944274902344,263.0093078613281,0.9999724626541138,483.40838623046875,311.0964050292969,0.9999899864196777
118,396.8970947265625,376.82525634765625,0.9999723434448242,414.695556640625,370.73907470703125,0.9999551773071289,439.8443603515625,374.2936096191406,0.9999511241912842,462.262451171875,387.426513671875,0.999976634979248,407.94818115234375,286.589111328125,0.9999927282333374,431.4220275878906,263.3494873046875,0.9999780654907227,462.7401123046875,263.279052734375,0.9999748468399048,483.2192687988281,310.9893798828125,0.9999899864196777
119,397.1549377441406,376.7687072753906,0.9999815225601196,415.34564208984375,370.4320373535156,0.9999537467956543,439.8443603515625,373.9764404296875,0.999951958656311,462.262451171875,387.28466796875,0.999976634979248,407.94915771484375,286.589111328125,0.9999884366989136,431.5783996582031,263.2030944824219,0.9999771118164062,462.78515625,262.78192138671875,0.9999790191650391,483.2192687988281,310.807861328125,0.999991774559021
120,397.1549377441406,376.6010437011719,0.9999567270278931,415.34564208984375,370.11773681640625,0.9999634027481079,439.676025390625,373.82037353515625,0.9999287128448486,462.11865234375,386.6222229003906,0.9999730587005615,408.49578857421875,286.18475341796875,0.999993085861206,431.5783996582031,263.3494873046875,0.9999688863754272,462.83837890625,262.7469787597656,0.999975323677063,483.2344665527344,310.807861328125,0.9999910593032837
121,396.8970947265625,376.6010437011719,0.9999749660491943,414.4078063964844,370.11773681640625,0.9999676942825317,439.32568359375,373.5545654296875,0.9999462366104126,462.11865234375,386.721435546875,0.9999716281890869,408.5288391113281,285.6473388671875,0.9999817609786987,431.5783996582031,263.2030944824219,0.9999815225601196,462.83837890625,262.7469787597656,0.9999759197235107,483.5266418457031,310.7853088378906,0.9999922513961792
122,396.8970947265625,377.1958312988281,0.9999860525131226,414.4078063964844,370.24871826171875,0.9999700784683228,439.32568359375,373.59088134765625,0.9999655485153198,462.57354736328125,387.28466796875,0.9999721050262451,408.6944580078125,285.58282470703125,0.9999798536300659,431.1686096191406,263.69549560546875,0.9999730587005615,462.83837890625,262.78192138671875,0.9999786615371704,483.5928649902344,310.7883605957031,0.9999902248382568
123,397.1745300292969,376.6010437011719,0.9999691247940063,414.8633117675781,369.7672424316406,0.9999587535858154,440.0193786621094,373.5545654296875,0.9999560117721558,462.6203918457031,386.721435546875,0.9999707937240601,409.4364929199219,285.58282470703125,0.9999818801879883,431.5783996582031,263.69549560546875,0.9999829530715942,462.9141540527344,262.78192138671875,0.9999783039093018,483.6316833496094,310.7853088378906,0.9999918937683105
124,396.87030029296875,377.1443176269531,0.9999501705169678,414.8633117675781,369.5147705078125,0.9999381303787231,440.5071105957031,372.9703674316406,0.9999439716339111,463.7562255859375,386.43212890625,0.9999657869338989,409.4424743652344,285.58282470703125,0.9999760389328003,431.6380920410156,264.4333190917969,0.9999706745147705,462.9862060546875,262.80694580078125,0.999974250793457,483.6584777832031,310.7853088378906,0.9999902248382568
125,397.1745300292969,377.1443176269531,0.9999732971191406,415.13519287109375,369.5147705078125,0.9999433755874634,440.5071105957031,372.3392028808594,0.9999284744262695,464.3323974609375,384.7987060546875,0.9999361038208008,409.74798583984375,286.99041748046875,0.999987006187439,431.6380920410156,264.4333190917969,0.9999631643295288,462.9862060546875,262.80694580078125,0.999972939491272,483.6791076660156,310.679443359375,0.9999915361404419
126,397.7713928222656,376.54833984375,0.9999641180038452,415.5597229003906,369.2561340332031,0.9999583959579468,440.6952819824219,371.5392150878906,0.9999574422836304,464.4016418457031,384.59967041015625,0.9999605417251587,410.0466613769531,288.2766418457031,0.9999852180480957,432.06988525390625,264.45806884765625,0.9999501705169678,462.9862060546875,262.80694580078125,0.9999784231185913,483.99212646484375,310.0896911621094,0.9999924898147583
127,398.7665710449219,376.54833984375,0.999970555305481,416.188232421875,369.2561340332031,0.9999247789382935,440.86328125,371.5392150878906,0.9999117851257324,465.2056579589844,384.59967041015625,0.9998900890350342,410.4302062988281,288.4520263671875,0.999975323677063,432.4167785644531,264.45806884765625,0.9999468326568604,463.205078125,262.80694580078125,0.9999798536300659,484.1982727050781,310.0864562988281,0.9999923706054688
128,399.0516662597656,376.6846923828125,0.9999725818634033,416.3092956542969,369.5147705078125,0.9998369216918945,442.46331787109375,371.8249816894531,0.99996018409729,465.24200439453125,384.7987060546875,0.999966025352478,412.04730224609375,288.2766418457031,0.9999891519546509,432.68414306640625,264.7240295410156,0.9999252557754517,463.21343994140625,262.80694580078125,0.9999746084213257,484.3011779785156,309.93035888671875,0.9999923706054688
129,399.1397399902344,376.5602111816406,0.9999560117721558,416.3671569824219,369.2561340332031,0.9999535083770752,442.5641174316406,370.95111083984375,0.9999598264694214,466.5796203613281,385.1618957519531,0.9999698400497437,413.3744201660156,288.72833251953125,0.9999915361404419,434.9650573730469,264.9071350097656,0.999964714050293,463.492431640625,262.81463623046875,0.9999804496765137,484.4768981933594,309.9221496582031,0.9999918937683105
130,399.9094543457031,376.6846923828125,0.9999185800552368,417.8368835449219,369.53515625,0.99994957447052,443.41436767578125,371.8249816894531,0.9999631643295288,466.979736328125,385.5998229980469,0.999970555305481,413.5739440917969,289.3515319824219,0.9999830722808838,435.1712951660156,265.11883544921875,0.9999644756317139,463.8385314941406,262.86322021484375,0.9999822378158569,484.731689453125,309.93035888671875,0.9999927282333374
131,400.5442810058594,376.6846923828125,0.9999492168426514,417.84051513671875,369.787841796875,0.9999555349349976,443.6693115234375,372.71044921875,0.9999635219573975,466.979736328125,385.9327392578125,0.9999700784683228,413.8031921386719,289.46343994140625,0.9999874830245972,435.9021911621094,265.11883544921875,0.9999692440032959,464.35113525390625,262.9344482421875,0.9999852180480957,485.3219299316406,309.93035888671875,0.9999915361404419
132,400.6552429199219,376.6846923828125,0.9999521970748901,418.0432434082031,369.787841796875,0.9999568462371826,443.9729919433594,372.71044921875,0.999954342842102,467.34100341796875,385.9327392578125,0.9999709129333496,414.21832275390625,289.46343994140625,0.9999912977218628,436.3599853515625,266.4057312011719,0.9999803304672241,464.6045837402344,262.9344482421875,0.999984622001648,485.4966735839844,309.9733581542969,0.999990701675415
133,400.9166259765625,377.891845703125,0.999940037727356,418.08984375,371.0393371582031,0.9999681711196899,443.9729919433594,373.21063232421875,0.999954342842102,467.34100341796875,386.3448791503906,0.9999778270721436,414.9056091308594,290.451904296875,0.9999860525131226,436.7622375488281,266.6190490722656,0.9999828338623047,465.2259521484375,263.5332336425781,0.9999840259552002,487.0437316894531,310.343017578125,0.9999830722808838
134,400.9166259765625,378.1712646484375,0.9999699592590332,418.189697265625,371.09918212890625,0.9999734163284302,444.2934265136719,374.3843078613281,0.9999436140060425,467.6895446777344,387.01141357421875,0.999977707862854,415.8996887207031,291.57177734375,0.9999943971633911,437.91693115234375,266.77813720703125,0.9999806880950928,465.75054931640625,264.18927001953125,0.9999783039093018,487.7415771484375,311.6596984863281,0.999957799911499
135,401.1480712890625,378.1712646484375,0.9999717473983765,418.7983093261719,371.73431396484375,0.9999802112579346,444.36151123046875,374.3940124511719,0.9999425411224365,468.2507629394531,388.2454833984375,0.9999725818634033,415.8996887207031,291.8855895996094,0.9999955892562866,437.9609680175781,267.1297607421875,0.9999791383743286,466.4707946777344,265.1275634765625,0.999984860420227,488.5122985839844,312.6679382324219,0.999919056892395
136,402.2403564453125,378.1712646484375,0.9999549388885498,419.1110534667969,372.0782775878906,0.9999710321426392,444.76416015625,374.81378173828125,0.9999521970748901,468.2749328613281,388.9963684082031,0.9999772310256958,415.9751892089844,291.8855895996094,0.9999971389770508,438.54278564453125,267.3938293457031,0.9999769926071167,467.00244140625,265.87286376953125,0.9999890327453613,489.37493896484375,314.0559997558594,0.999913215637207
137,402.4624328613281,378.5110168457031,0.9999830722808838,419.3203430175781,372.09893798828125,0.9999756813049316,444.78411865234375,374.83111572265625,0.9999313354492188,469.6148376464844,389.2439270019531,0.9999651908874512,416.3846740722656,292.85137939453125,0.9999902248382568,439.28515625,268.12310791015625,0.9999796152114868,467.5063171386719,266.17987060546875,0.9999901056289673,490.1172790527344,314.0771484375,0.9999061822891235
138,402.4624328613281,378.91595458984375,0.999981164932251,419.830078125,372.71502685546875,0.9999874830245972,444.91644287109375,375.2442932128906,0.9999102354049683,469.6432800292969,389.51141357421875,0.9999669790267944,416.8389892578125,292.9775390625,0.9999967813491821,439.4967041015625,268.1322021484375,0.9999746084213257,468.0225524902344,267.3150329589844,0.9999908208847046,490.572021484375,314.856201171875,0.9999151229858398
139,402.4624328613281,378.986572265625,0.999985933303833,419.830078125,373.9797058105469,0.9999774694442749,444.91644287109375,377.00787353515625,0.9999520778656006,469.6432800292969,391.39141845703125,0.9999434947967529,416.86346435546875,293.37548828125,0.9999972581863403,439.9955749511719,268.4632568359375,0.9999713897705078,468.3916015625,268.0277404785156,0.9999908208847046,490.7093505859375,316.1407775878906,0.9999158382415771
140,402.0849609375,381.2310791015625,0.9999765157699585,419.830078125,375.371826171875,0.9999614953994751,444.91644287109375,377.6859436035156,0.9999517202377319,469.6432800292969,391.77642822265625,0.9999502897262573,416.86346435546875,293.37548828125,0.9999911785125732,440.2655029296875,268.51068115234375,0.9999673366546631,468.5903015136719,268.5395202636719,0.9999901056289673,491.8575439453125,317.95074462890625,0.9999498128890991
141,401.8109130859375,381.4976501464844,0.9999756813049316,419.2613830566406,375.43328857421875,0.9999663829803467,444.28924560546875,378.18743896484375,0.9999675750732422,468.60107421875,392.2826843261719,0.9999409914016724,417.56024169921875,294.9748840332031,0.9999983310699463,440.8953552246094,270.238037109375,0.9999382495880127,469.1048583984375,269.3461608886719,0.9999895095825195,492.2841491699219,318.8458251953125,0.9999654293060303
142,401.04046630859375,381.92572021484375,0.9999680519104004,419.0412902832031,376.6193542480469,0.9999384880065918,443.3035888671875,379.6277160644531,0.9999686479568481,467.22650146484375,394.6207275390625,0.9999697208404541,418.5127258300781,294.9748840332031,0.9999628067016602,441.278564453125,270.791748046875,0.9999204874038696,469.1050720214844,270.8031005859375,0.9999833106994629,492.97003173828125,321.8414306640625,0.9999841451644897
143,400.6941223144531,382.5077209472656,0.9999514818191528,417.68231201171875,377.5003356933594,0.9999387264251709,443.1711730957031,380.9578857421875,0.9999217987060547,466.4286804199219,395.2541198730469,0.999958872795105,418.5127258300781,295.39263916015625,0.999994158744812,442.37738037109375,272.83819580078125,0.9999793767929077,469.75640869140625,273.0620422363281,0.9999852180480957,492.97003173828125,323.5735168457031,0.9999822378158569
144,397.4007873535156,382.73980712890625,0.9999412298202515,415.7948303222656,378.05902099609375,0.9998103976249695,440.3777770996094,382.0294494628906,0.999840259552002,465.51531982421875,397.5380859375,0.9999356269836426,417.804931640625,295.9470520019531,0.9999537467956543,442.37738037109375,274.7508544921875,0.9999831914901733,469.75640869140625,275.55902099609375,0.9999905824661255,492.97003173828125,327.646728515625,0.9999434947967529
145,394.3880615234375,386.7169494628906,0.999967098236084,412.6574401855469,381.8506164550781,0.999901294708252,438.7150573730469,385.2928466796875,0.9998005032539368,464.9105224609375,401.0162658691406,0.9998476505279541,417.804931640625,303.5672302246094,0.9999796152114868,442.37738037109375,276.9480285644531,0.9999914169311523,469.75640869140625,279.0279846191406,0.9999792575836182,492.5386047363281,329.268310546875,0.9999089241027832
146,391.1991882324219,387.6947021484375,0.999980092048645,408.6821594238281,384.0977783203125,0.9996005892753601,435.5229797363281,388.23358154296875,0.9997758269309998,462.4710388183594,406.5666198730469,0.9997605681419373,415.3262023925781,307.0558166503906,0.9999841451644897,441.1763610839844,281.14678955078125,0.9999442100524902,469.67645263671875,283.9927673339844,0.9999904632568359,490.7012939453125,333.9561462402344,0.9999234676361084
147,390.3845520019531,390.4714660644531,0.9999771118164062,407.7369079589844,386.734130859375,0.9999117851257324,432.9236755371094,390.36444091796875,0.999705970287323,458.8241882324219,408.35833740234375,0.9997689127922058,413.3799133300781,307.7650146484375,0.999991774559021,440.1737060546875,286.8465881347656,0.9999439716339111,469.52020263671875,287.8250732421875,0.9999794960021973,489.52825927734375,337.4037170410156,0.9999698400497437
148,386.67523193359375,391.864013671875,0.9999599456787109,403.2341003417969,389.6521301269531,0.9999599456787109,428.2324523925781,395.8095397949219,0.999862551689148,454.53594970703125,413.8470153808594,0.9998581409454346,411.56402587890625,311.8642578125,0.9999836683273315,437.6304626464844,291.4536437988281,0.9999839067459106,466.39556884765625,293.7550964355469,0.9999935626983643,487.2531433105469,343.76434326171875,0.9999611377716064
149,383.2760314941406,398.67388916015625,0.9998418092727661,401.54962158203125,394.79638671875,0.9997748732566833,424.59014892578125,398.31817626953125,0.999751627445221,450.2404479980469,414.7623291015625,0.9998465776443481,405.69073486328125,322.4330749511719,0.9999973773956299,435.8359680175781,298.19366455078125,0.9999562501907349,465.1324157714844,300.37945556640625,0.9999905824661255,483.7854309082031,348.8597717285156,0.9999765157699585
150,377.73175048828125,406.558837890625,0.9999549388885498,394.9744567871094,402.12615966796875,0.9997254014015198,421.5418395996094,406.45281982421875,0.9997451901435852,446.42401123046875,421.3551025390625,0.9998900890350342,401.6175842285156,326.26812744140625,0.9999957084655762,433.5276184082031,304.6459045410156,0.9999116659164429,461.7134094238281,307.19091796875,0.9999862909317017,479.04339599609375,352.94757080078125,0.9999328851699829
151,372.20184326171875,415.1731262207031,0.9998898506164551,392.70941162109375,411.7476806640625,0.9991748929023743,417.9364013671875,413.40521240234375,0.9996592998504639,440.1658630371094,426.32708740234375,0.999784529209137,396.3172607421875,334.9083251953125,0.9999606609344482,427.1275329589844,314.292724609375,0.9998942613601685,455.81976318359375,314.2947692871094,0.9999810457229614,474.32427978515625,357.6949768066406,0.9999583959579468
152,363.83038330078125,426.6254577636719,0.9997598528862,386.0837707519531,423.73907470703125,0.9958819150924683,412.71087646484375,428.7943115234375,0.9820480346679688,434.0069274902344,430.2249755859375,0.8834301233291626,388.66876220703125,345.8059387207031,0.9999885559082031,420.51715087890625,324.239013671875,0.9999295473098755,451.2625732421875,331.63348388671875,0.99945467710495,468.42352294921875,365.05548095703125,0.9515979290008545
153,358.625,433.1185607910156,0.9997900128364563,382.9834899902344,429.6165466308594,0.9956597685813904,406.4697265625,435.4678039550781,0.9913327097892761,425.99761962890625,437.9256286621094,0.965401828289032,383.05621337890625,352.2801208496094,0.999970555305481,413.4469299316406,333.3401184082031,0.9995977282524109,448.9906921386719,342.67352294921875,0.9688790440559387,460.4192199707031,376.953857421875,0.7906268835067749
154,344.2422790527344,444.5804138183594,0.9998722076416016,365.3384704589844,440.8565673828125,0.9954991936683655,388.078857421875,456.95611572265625,0.8123607635498047,401.19342041015625,491.75238037109375,0.9908784031867981,372.7209167480469,365.276611328125,0.9999932050704956,406.2122802734375,343.59783935546875,0.999894380569458,446.0295104980469,353.091064453125,0.9991366267204285,453.9660949707031,391.1399841308594,0.9765807390213013
155,335.7028503417969,451.9512939453125,0.9998449087142944,354.03094482421875,449.9363708496094,0.9971343278884888,384.1628723144531,460.0665283203125,0.9804099202156067,399.52716064453125,493.4728698730469,0.9984788298606873,370.3399658203125,372.2815246582031,0.999994158744812,405.62371826171875,351.6336364746094,0.9998636245727539,431.9367370605469,360.1495666503906,0.9997333884239197,449.10906982421875,397.89410400390625,0.9989820122718811
156,335.2369079589844,460.66705322265625,0.9997290968894958,352.3053894042969,460.3621826171875,0.9994460940361023,377.4939270019531,469.977783203125,0.9996191263198853,397.6697692871094,493.7205505371094,0.999525785446167,364.90032958984375,382.8990478515625,0.999891996383667,402.6391906738281,358.59576416015625,0.9996156692504883,424.2356872558594,366.72991943359375,0.9999288320541382,443.45770263671875,403.7190856933594,0.9996302127838135
157,330.2986755371094,465.450439453125,0.9998779296875,347.4076232910156,464.26641845703125,0.9991394281387329,373.26678466796875,474.0859680175781,0.9994878768920898,393.8759765625,493.7939758300781,0.9996304512023926,363.6224670410156,388.025634765625,0.9996649026870728,397.5649719238281,367.8302001953125,0.9995829463005066,418.1948547363281,366.72991943359375,0.9999562501907349,436.8428039550781,403.7190856933594,0.9999372959136963
158,328.53717041015625,472.7987060546875,0.9998087286949158,346.7416076660156,470.2420654296875,0.9998866319656372,370.5182800292969,477.4814147949219,0.9996974468231201,392.6717834472656,494.0412292480469,0.9997833371162415,360.7667541503906,395.0864562988281,0.9996403455734253,391.7026672363281,376.32904052734375,0.9997305274009705,410.3903503417969,377.397216796875,0.999944806098938,431.1987609863281,412.30145263671875,0.9997250437736511
159,328.53717041015625,476.27655029296875,0.9998713731765747,346.7416076660156,473.1440734863281,0.999703586101532,370.1435546875,478.10223388671875,0.9998390674591064,392.0954284667969,496.29345703125,0.9997438788414001,354.1417541503906,407.79071044921875,0.9998775720596313,379.0683898925781,387.3124694824219,0.9998570680618286,404.8203125,383.5465087890625,0.9999768733978271,426.9706726074219,417.6943054199219,0.9999650716781616
160,329.589599609375,481.41400146484375,0.9995575547218323,346.077392578125,479.4790344238281,0.9997720122337341,367.42437744140625,484.97296142578125,0.9999657869338989,385.323486328125,496.7880859375,0.9997969269752502,350.8672790527344,409.6851501464844,0.9998277425765991,378.3399963378906,393.6260070800781,0.999123752117157,399.58746337890625,390.8543395996094,0.9999686479568481,420.4831848144531,424.7584533691406,0.9999315738677979
161,330.2986755371094,483.109619140625,0.9997753500938416,343.6160888671875,480.9621887207031,0.9997556805610657,364.2689514160156,485.4644470214844,0.9999401569366455,383.7780456542969,497.6930847167969,0.9998643398284912,350.0340270996094,417.60650634765625,0.9994812607765198,375.4314270019531,397.08038330078125,0.9994552731513977,394.61944580078125,395.3890380859375,0.9998602867126465,416.65216064453125,431.6387634277344,0.9995884299278259
162,330.9647521972656,488.0829162597656,0.9995005130767822,343.6160888671875,484.51031494140625,0.9998445510864258,364.2689514160156,488.1880187988281,0.9998795986175537,383.7780456542969,500.13873291015625,0.9996600151062012,349.2358703613281,422.2460021972656,0.9998562335968018,370.5484619140625,403.5598449707031,0.9997541308403015,390.8736572265625,401.868896484375,0.9998956918716431,414.26885986328125,439.1543884277344,0.9993682503700256
163,330.9647521972656,492.5833435058594,0.9918883442878723,343.6160888671875,486.174072265625,0.9928652048110962,364.2689514160156,490.3968200683594,0.9985951781272888,385.18487548828125,502.1834716796875,0.998675525188446,347.98883056640625,428.4586486816406,0.9996032118797302,368.3940734863281,409.9043884277344,0.9981217980384827,388.3123779296875,408.92047119140625,0.9999343156814575,413.807861328125,448.6683654785156,0.9986635446548462
164,329.589599609375,492.5833435058594,0.004873941652476788,343.3702392578125,486.174072265625,0.07603199034929276,364.0782165527344,490.3968200683594,0.8955374956130981,381.6264343261719,502.1834716796875,0.949052095413208,345.1708679199219,428.4586486816406,0.9954286813735962,363.8116149902344,409.9043884277344,0.9990615248680115,386.6126708984375,408.92047119140625,0.999933123588562,405.858154296875,448.6683654785156,0.9207921624183655
165,321.1419372558594,492.5833435058594,0.9991288781166077,340.2772216796875,486.174072265625,0.9994699358940125,360.6772766113281,490.3968200683594,0.9991647005081177,381.526123046875,502.1834716796875,0.9997732043266296,326.5326843261719,428.4586486816406,0.9902594685554504,363.1400451660156,409.9043884277344,0.8468928933143616,380.7349548339844,408.92047119140625,0.9972912669181824,403.6591491699219,448.6683654785156,0.9864602088928223
