scorer,DLC_resnet152_t011222_colorDec2shuffle1_500000,DLC_resnet152_t011222_colorDec2shuffle1_500000,DLC_resnet152_t011222_colorDec2shuffle1_500000,DLC_resnet152_t011222_colorDec2shuffle1_500000,DLC_resnet152_t011222_colorDec2shuffle1_500000,DLC_resnet152_t011222_colorDec2shuffle1_500000,DLC_resnet152_t011222_colorDec2shuffle1_500000,DLC_resnet152_t011222_colorDec2shuffle1_500000,DLC_resnet152_t011222_colorDec2shuffle1_500000,DLC_resnet152_t011222_colorDec2shuffle1_500000,DLC_resnet152_t011222_colorDec2shuffle1_500000,DLC_resnet152_t011222_colorDec2shuffle1_500000,DLC_resnet152_t011222_colorDec2shuffle1_500000,DLC_resnet152_t011222_colorDec2shuffle1_500000,DLC_resnet152_t011222_colorDec2shuffle1_500000,DLC_resnet152_t011222_colorDec2shuffle1_500000,DLC_resnet152_t011222_colorDec2shuffle1_500000,DLC_resnet152_t011222_colorDec2shuffle1_500000,DLC_resnet152_t011222_colorDec2shuffle1_500000,DLC_resnet152_t011222_colorDec2shuffle1_500000,DLC_resnet152_t011222_colorDec2shuffle1_500000,DLC_resnet152_t011222_colorDec2shuffle1_500000,DLC_resnet152_t011222_colorDec2shuffle1_500000,DLC_resnet152_t011222_colorDec2shuffle1_500000,DLC_resnet152_t011222_colorDec2shuffle1_500000,DLC_resnet152_t011222_colorDec2shuffle1_500000,DLC_resnet152_t011222_colorDec2shuffle1_500000
bodyparts,wrist,wrist,wrist,base2,base2,base2,base3,base3,base3,base4,base4,base4,base5,base5,base5,tip2,tip2,tip2,tip3,tip3,tip3,tip4,tip4,tip4,tip5,tip5,tip5
coords,x,y,likelihood,x,y,likelihood,x,y,likelihood,x,y,likelihood,x,y,likelihood,x,y,likelihood,x,y,likelihood,x,y,likelihood,x,y,likelihood
0,458.7942810058594,321.15301513671875,0.15562599897384644,463.70697021484375,259.94891357421875,0.9999959468841553,483.8223876953125,261.66851806640625,0.9999949932098389,505.5729064941406,267.248046875,0.9999642372131348,527.7670288085938,280.4909973144531,0.9999633431434631,476.55194091796875,163.88156127929688,0.9999997615814209,499.8086242675781,140.67774963378906,0.9999980926513672,531.8143920898438,154.01492309570312,0.9999991655349731,551.68994140625,206.0608673095703,0.9999933242797852
1,463.769287109375,323.717529296875,0.6448401212692261,463.8311462402344,261.01422119140625,0.9999927282333374,485.3420715332031,261.7342834472656,0.9999969005584717,506.64801025390625,267.248046875,0.9999890923500061,530.809814453125,280.4909973144531,0.999966025352478,476.55194091796875,163.88156127929688,0.9999990463256836,500.91387939453125,141.88287353515625,0.9999992847442627,531.8143920898438,154.4803924560547,0.999999463558197,553.0310668945312,206.215576171875,0.9999978542327881
2,463.769287109375,333.7825012207031,0.0017084777355194092,463.9293212890625,263.0384521484375,0.9999986290931702,485.65386962890625,263.4627380371094,0.9999951124191284,506.9351806640625,268.47454833984375,0.9999898672103882,530.809814453125,280.8495178222656,0.9999531507492065,476.8768005371094,165.1767578125,0.9999997615814209,502.0989074707031,142.18191528320312,0.9999980330467224,531.8143920898438,154.5915069580078,0.9999992251396179,553.0310668945312,206.30718994140625,0.9999873042106628
3,463.769287109375,333.7825012207031,0.043583452701568604,465.31549072265625,263.0384521484375,0.9999954700469971,486.4900817871094,264.1175231933594,0.9999916553497314,508.3724365234375,268.0244140625,0.9999927282333374,529.8651733398438,283.4252014160156,0.9999969005584717,476.8768005371094,165.94866943359375,0.9999998807907104,500.91387939453125,143.59774780273438,0.9999988079071045,531.5191040039062,154.80218505859375,0.9999992251396179,553.4688720703125,206.4273223876953,0.9999952912330627
4,463.769287109375,333.7825012207031,0.597415566444397,466.0803527832031,263.0384521484375,0.9999949336051941,486.50665283203125,264.1175231933594,0.9999929070472717,508.3847961425781,268.0244140625,0.9999768137931824,531.035400390625,283.4252014160156,0.9999746084213257,476.7972106933594,166.4234619140625,0.9999996423721313,500.91387939453125,143.59774780273438,0.9999984502792358,531.5191040039062,154.80218505859375,0.9999996423721313,553.4688720703125,207.7054443359375,0.9999982118606567
5,462.76934814453125,335.4076843261719,0.9432694315910339,466.4922790527344,264.5684509277344,0.9999983310699463,487.37030029296875,264.1175231933594,0.9999861121177673,508.5360107421875,269.13641357421875,0.9999912977218628,531.035400390625,284.7353210449219,0.9999918937683105,476.7972106933594,167.8968963623047,0.9999970197677612,502.0989074707031,143.5995635986328,0.9999990463256836,531.5191040039062,155.4412384033203,0.9999991655349731,553.3217163085938,208.17733764648438,0.9999954700469971
6,460.8333740234375,340.18719482421875,0.004880011081695557,466.4922790527344,264.7165832519531,0.9999966621398926,487.37030029296875,267.2756652832031,0.9999899864196777,508.5360107421875,270.972900390625,0.9999853372573853,531.035400390625,284.7353210449219,0.9999934434890747,476.92425537109375,167.8968963623047,0.9999973773956299,502.21160888671875,144.67498779296875,0.9999988079071045,532.1876831054688,156.49533081054688,0.9999992251396179,553.2649536132812,208.17733764648438,0.9999973773956299
7,462.76934814453125,338.3247985839844,0.29131537675857544,466.5504150390625,264.5684509277344,0.9999985694885254,487.5481262207031,266.0859069824219,0.9999889731407166,508.91400146484375,271.44586181640625,0.9999744296073914,531.035400390625,284.7353210449219,0.9999642372131348,476.9783020019531,168.05291748046875,0.9999982118606567,502.21160888671875,144.79920959472656,0.9999994039535522,532.1876831054688,156.45130920410156,0.9999991655349731,553.2649536132812,209.5797119140625,0.9999973773956299
8,462.213134765625,340.18719482421875,0.0651644766330719,467.20465087890625,264.7165832519531,0.9999945163726807,488.2822570800781,267.2756652832031,0.9999672174453735,508.91400146484375,272.8284912109375,0.9998300075531006,531.035400390625,286.9422302246094,0.9999096393585205,476.9783020019531,168.05291748046875,0.9999996423721313,502.3663635253906,144.8140106201172,0.9999995231628418,532.1876831054688,156.6905975341797,0.9999988079071045,553.2649536132812,209.5797119140625,0.9999875426292419
9,462.76934814453125,338.3247985839844,0.050557464361190796,467.20465087890625,266.5020446777344,0.9999967813491821,488.2822570800781,267.6122131347656,0.9999505281448364,508.9736633300781,272.8284912109375,0.99995356798172,532.0936279296875,284.7353210449219,0.9999909996986389,476.9783020019531,167.8968963623047,0.9999949932098389,502.21160888671875,144.81944274902344,0.999998927116394,532.1161499023438,157.41363525390625,0.9999971389770508,553.3217163085938,209.5797119140625,0.9999971389770508
10,462.9981384277344,338.3247985839844,0.12964197993278503,466.38775634765625,266.7493896484375,0.9999973773956299,487.5481262207031,267.62286376953125,0.9999746084213257,509.0815734863281,274.0174255371094,0.9999894499778748,530.5585327148438,286.9422302246094,0.999976634979248,477.7897644042969,168.05291748046875,0.9999894499778748,501.76507568359375,144.81944274902344,0.9999995231628418,530.8991088867188,157.41363525390625,0.9999991059303284,552.9808959960938,209.68544006347656,0.9999946355819702
11,462.9981384277344,338.3247985839844,0.001408219337463379,466.38775634765625,269.2232360839844,0.9999891519546509,488.49591064453125,268.38897705078125,0.9998754262924194,509.3349304199219,274.0174255371094,0.9972631931304932,530.5585327148438,289.1580810546875,0.9990829229354858,476.9052429199219,169.1556396484375,0.9999994039535522,501.76507568359375,144.9626007080078,0.9999995827674866,530.8991088867188,157.41363525390625,0.9999990463256836,552.9808959960938,209.68544006347656,0.999984860420227
12,494.6207275390625,285.403564453125,0.0017097890377044678,466.38775634765625,270.0846862792969,0.9999953508377075,486.6020202636719,270.5584716796875,0.9999859929084778,509.0815734863281,274.1009826660156,0.9999536871910095,530.5096435546875,289.1580810546875,0.9999828338623047,476.9052429199219,169.86936950683594,0.9999857544898987,502.2101135253906,145.40394592285156,0.9999979734420776,530.2107543945312,158.21502685546875,0.9905757308006287,553.7077026367188,210.14280700683594,0.9999468326568604
13,494.6207275390625,285.403564453125,0.80695641040802,466.38775634765625,270.0846862792969,0.9999949336051941,486.6020202636719,270.5584716796875,0.9999822378158569,509.3349304199219,274.87054443359375,0.9999963641166687,530.5848388671875,289.1580810546875,0.9999960660934448,477.7897644042969,169.86936950683594,0.9999920129776001,502.2101135253906,146.5353240966797,0.9999989867210388,529.6515502929688,157.57284545898438,0.999998927116394,553.7077026367188,211.42291259765625,0.9999960660934448
14,461.280517578125,343.182861328125,0.0019433796405792236,467.0422058105469,270.0846862792969,0.9999980926513672,487.6125183105469,270.1978454589844,0.9999929666519165,509.3349304199219,274.87054443359375,0.9997893571853638,530.5848388671875,289.8996276855469,0.9999725818634033,477.7897644042969,170.82032775878906,0.9999871253967285,502.2593688964844,146.5353240966797,0.9999995231628418,529.0812377929688,157.57284545898438,0.9999176263809204,553.7077026367188,212.66506958007812,0.9999136924743652
15,461.1753845214844,344.82647705078125,0.9892985820770264,467.0422058105469,270.0846862792969,0.9999969005584717,487.6125183105469,270.1978454589844,0.9999786615371704,509.3349304199219,274.87054443359375,0.999980092048645,530.5848388671875,289.8996276855469,0.999987006187439,477.4870300292969,169.86936950683594,0.9999963045120239,502.2593688964844,146.5353240966797,0.9999984502792358,529.0812377929688,157.57284545898438,0.9999858140945435,553.7077026367188,212.66506958007812,0.9999667406082153
16,461.280517578125,343.182861328125,0.9991074800491333,468.5196228027344,269.1484069824219,0.9999972581863403,487.6125183105469,270.1978454589844,0.99996417760849,509.7080383300781,274.87054443359375,0.9999849796295166,530.4447021484375,289.8996276855469,0.9999942183494568,477.4870300292969,169.86936950683594,0.9999786615371704,502.2101135253906,146.5353240966797,0.9999989867210388,529.0812377929688,157.57284545898438,0.9999670386314392,554.234130859375,212.66506958007812,0.999914288520813
17,461.280517578125,343.182861328125,0.3734291195869446,468.5196228027344,269.1484069824219,0.9999961256980896,488.1956787109375,270.1978454589844,0.9999938607215881,509.9277038574219,274.87054443359375,0.9999964237213135,530.6548461914062,289.8996276855469,0.9999985694885254,477.4349060058594,170.67498779296875,0.9999816417694092,502.2593688964844,146.29710388183594,0.9999992251396179,529.5816040039062,157.57284545898438,0.9961465001106262,554.234130859375,211.72901916503906,0.999864935874939
18,462.676025390625,340.647705078125,0.004753023386001587,467.8222351074219,269.1484069824219,0.9999971389770508,488.2549743652344,269.9014587402344,0.9999747276306152,509.80096435546875,274.8544616699219,0.9999948740005493,530.4447021484375,289.8996276855469,0.9999896883964539,477.40545654296875,170.67498779296875,0.9999849796295166,502.2593688964844,146.29710388183594,0.999998927116394,529.5816040039062,158.62960815429688,0.9999517202377319,553.1044921875,211.9767608642578,0.9999822974205017
19,464.482177734375,337.2574768066406,0.9970832467079163,467.8222351074219,269.786865234375,0.9999952912330627,488.1956787109375,271.2650146484375,0.9999574422836304,509.80096435546875,276.2959899902344,0.9999803900718689,530.4447021484375,289.7096862792969,0.9999876618385315,477.4349060058594,170.67498779296875,0.9999945759773254,502.3819274902344,147.02638244628906,0.9999995827674866,529.8253173828125,158.7106170654297,0.9999959468841553,552.9818725585938,211.72901916503906,0.9999842643737793
20,466.36871337890625,335.0758056640625,0.9999709129333496,467.9794616699219,269.786865234375,0.9999984502792358,488.2549743652344,271.2650146484375,0.9999821782112122,510.4554748535156,276.2959899902344,0.9999910593032837,531.5444946289062,289.7096862792969,0.9999940395355225,477.4349060058594,171.34226989746094,0.9999977946281433,502.5329284667969,147.02638244628906,0.9999992847442627,530.0032348632812,158.7106170654297,0.9996333122253418,552.9818725585938,211.72901916503906,0.9999372363090515
21,464.482177734375,337.1349792480469,0.0009563267230987549,467.9794616699219,269.786865234375,0.999995231628418,488.2549743652344,271.2650146484375,0.9999116063117981,510.4554748535156,276.2959899902344,0.9999417662620544,531.5452270507812,290.74761962890625,0.9999603629112244,477.4349060058594,171.34226989746094,0.9999964237213135,502.5329284667969,147.02638244628906,0.9999996423721313,530.0032348632812,159.03343200683594,0.9999915957450867,552.9818725585938,211.9668731689453,0.9999865293502808
22,464.482177734375,337.1349792480469,0.001158207654953003,468.6759948730469,269.1380615234375,0.9999969005584717,488.3607177734375,271.2650146484375,0.9999850988388062,511.90777587890625,275.2991943359375,0.9999903440475464,531.5452270507812,289.7096862792969,0.9999982118606567,477.76776123046875,170.49806213378906,0.9999898672103882,502.3819274902344,147.31198120117188,0.9999994039535522,530.0032348632812,159.8450927734375,0.9999994039535522,553.5023193359375,211.9767608642578,0.9999964833259583
23,463.4392395019531,337.1349792480469,0.5570371747016907,468.6759948730469,269.1380615234375,0.9999983906745911,489.8039245605469,271.2650146484375,0.9999879002571106,511.90777587890625,275.2991943359375,0.9999920725822449,531.5452270507812,290.74761962890625,0.9999784231185913,477.76776123046875,171.34226989746094,0.9999973773956299,501.8470153808594,147.31198120117188,0.9999995827674866,530.3200073242188,159.94229125976562,0.9999940991401672,554.6498413085938,212.10243225097656,0.9999946355819702
24,463.4392395019531,342.0643310546875,0.0015297532081604004,468.6759948730469,268.750732421875,0.9999969005584717,489.84246826171875,271.45477294921875,0.9999416470527649,511.6318664550781,275.1098327636719,0.999913215637207,531.5452270507812,291.97998046875,0.9996359348297119,478.19073486328125,170.49806213378906,0.9999927282333374,501.4497985839844,147.31198120117188,0.9999988079071045,530.0032348632812,159.94229125976562,0.9993326663970947,554.6498413085938,213.14047241210938,0.9999433755874634
25,462.15203857421875,345.2507629394531,0.9983119964599609,468.5917053222656,267.8475036621094,0.9999983906745911,489.84246826171875,270.5229797363281,0.9999877214431763,511.6318664550781,275.1098327636719,0.999997615814209,531.5452270507812,291.8748779296875,0.9999987483024597,478.19073486328125,170.49806213378906,0.9999899864196777,501.4497985839844,147.0615234375,0.9999988079071045,530.6588134765625,159.8450927734375,0.9971275329589844,554.6498413085938,213.49465942382812,0.9998942613601685
26,462.15203857421875,345.2507629394531,0.9903990030288696,468.2352600097656,267.8475036621094,0.9999974966049194,489.84246826171875,270.5962219238281,0.9999486207962036,511.6318664550781,275.1098327636719,0.9999876022338867,531.9292602539062,291.8748779296875,0.9999975562095642,478.19073486328125,171.27845764160156,0.9999915361404419,501.4497985839844,147.71533203125,0.9999997019767761,530.6588134765625,159.7831573486328,0.999961793422699,554.6498413085938,213.14047241210938,0.9999739527702332
27,462.15203857421875,345.2507629394531,0.5666698813438416,468.2352600097656,267.8475036621094,0.999994158744812,489.8039245605469,270.5962219238281,0.999808669090271,511.24041748046875,275.1098327636719,0.9999668002128601,531.509033203125,291.8748779296875,0.9999914169311523,478.19073486328125,172.50564575195312,0.9999945759773254,501.8411560058594,147.71258544921875,0.9999984502792358,529.6505737304688,159.7831573486328,0.9999860525131226,555.1068115234375,213.14047241210938,0.9999533891677856
28,462.34417724609375,342.0643310546875,0.0012793242931365967,468.2352600097656,267.8475036621094,0.9999887943267822,489.84246826171875,270.5962219238281,0.9998646378517151,511.24041748046875,275.1098327636719,0.9999805092811584,531.9292602539062,291.4679870605469,0.9999979734420776,478.19073486328125,171.9779052734375,0.999988317489624,502.51678466796875,147.15048217773438,0.9999992251396179,529.6505737304688,159.72923278808594,0.9976948499679565,553.2566528320312,214.19911193847656,0.9998355507850647
29,462.34417724609375,341.4659423828125,0.9520555138587952,467.915771484375,267.99346923828125,0.9999990463256836,488.33251953125,270.5962219238281,0.9999908208847046,510.1559143066406,275.5437927246094,0.9999955892562866,531.9292602539062,291.4679870605469,0.9999957084655762,477.7208557128906,172.56561279296875,0.9999488592147827,502.51678466796875,147.71258544921875,0.9999982118606567,529.6505737304688,159.7831573486328,0.9998997449874878,553.2566528320312,214.19911193847656,0.9999774098396301
30,463.760986328125,341.2850646972656,0.9989007711410522,467.915771484375,268.24029541015625,0.9999969005584717,487.99267578125,270.60906982421875,0.9999638795852661,509.3652648925781,276.2951965332031,0.999980628490448,531.4299926757812,291.4679870605469,0.9999920129776001,477.7208557128906,172.56561279296875,0.9999898672103882,501.85211181640625,148.73875427246094,0.9999992847442627,529.607177734375,159.7831573486328,0.9999724626541138,555.1068115234375,214.19911193847656,0.9989408254623413
31,463.760986328125,341.06317138671875,0.7922978401184082,466.8118591308594,268.24029541015625,0.9999945163726807,487.4498596191406,272.4469299316406,0.9999964833259583,508.7488098144531,278.5523376464844,0.9999946355819702,530.3534545898438,292.79693603515625,0.9999970197677612,477.7208557128906,172.56561279296875,0.9999953508377075,501.85211181640625,148.73875427246094,0.9999997019767761,529.607177734375,160.6648406982422,0.9999997615814209,553.1306762695312,214.53155517578125,0.9999572038650513
32,463.760986328125,341.06317138671875,0.03332826495170593,466.2483825683594,269.92822265625,0.9999940991401672,487.4213562011719,274.5035705566406,0.9999693632125854,508.71575927734375,280.01702880859375,0.999967634677887,530.2272338867188,292.79693603515625,0.9999837875366211,477.7208557128906,172.7841339111328,0.9999861717224121,501.85211181640625,149.2239227294922,0.9999995231628418,531.02880859375,160.73597717285156,0.9994632005691528,553.1306762695312,214.57456970214844,0.9998756051063538
33,463.760986328125,341.2850646972656,0.0010091960430145264,466.15228271484375,271.2524108886719,0.9999980926513672,486.5450439453125,274.5035705566406,0.9999988079071045,508.18115234375,280.01702880859375,0.9999876022338867,529.76611328125,292.79693603515625,0.9999709129333496,478.7854309082031,174.61732482910156,0.9999954700469971,501.7020568847656,149.33175659179688,0.9999991655349731,529.547607421875,161.49313354492188,0.9999994039535522,553.720703125,215.1481475830078,0.9999975562095642
34,461.18402099609375,341.8590087890625,0.002788066864013672,465.2181091308594,272.7319030761719,0.9999914169311523,485.8629150390625,275.99884033203125,0.9999915957450867,508.18115234375,281.1961975097656,0.9999297857284546,529.7731323242188,292.79693603515625,0.9999558925628662,478.7854309082031,174.61732482910156,0.9999962449073792,501.7020568847656,150.7678680419922,0.9999992847442627,531.3118286132812,161.82589721679688,0.9999904036521912,553.720703125,215.17755126953125,0.9999308586120605
35,461.18402099609375,341.8590087890625,0.993480920791626,465.2181091308594,272.7319030761719,0.9999935626983643,485.8629150390625,275.99884033203125,0.9999904632568359,507.9818420410156,281.1961975097656,0.9999881386756897,529.7731323242188,292.4503173828125,0.9999935626983643,478.9073791503906,175.19349670410156,0.9999662637710571,501.7955017089844,150.7678680419922,0.9999951124191284,531.3734741210938,162.0359344482422,0.9913092255592346,553.720703125,215.17755126953125,0.999001145362854
36,461.18402099609375,341.8590087890625,0.9997752904891968,465.6274719238281,273.1896667480469,0.9999967813491821,485.8629150390625,275.9269104003906,0.9999980926513672,507.8000793457031,279.6044616699219,0.9999775290489197,529.7731323242188,292.4503173828125,0.9998263120651245,478.9988098144531,174.61732482910156,0.9999696016311646,501.7955017089844,151.47927856445312,0.9999988079071045,531.3118286132812,164.3864288330078,0.9503698348999023,553.73779296875,216.83770751953125,0.9992784261703491
37,461.18402099609375,341.4183349609375,0.14030945301055908,466.15228271484375,271.2524108886719,0.9999988079071045,486.5450439453125,274.2017517089844,0.9999948740005493,507.9818420410156,278.1076965332031,0.9999946355819702,531.1569213867188,292.4503173828125,0.9999977350234985,478.9073791503906,174.61732482910156,0.9999990463256836,501.9067687988281,151.6154327392578,0.9999997615814209,531.2745971679688,165.90875244140625,0.9999998807907104,554.0840454101562,217.957275390625,0.9999885559082031
38,461.3468017578125,338.619873046875,0.0028294622898101807,466.3848571777344,271.37359619140625,0.9999971389770508,487.0677185058594,274.90338134765625,0.9999760389328003,507.9818420410156,279.6044616699219,0.9990551471710205,531.8995361328125,293.04522705078125,0.9987938404083252,478.9988098144531,175.19349670410156,0.9999973773956299,502.5766906738281,152.46975708007812,0.9999988079071045,531.2745971679688,166.51785278320312,0.999995231628418,553.9623413085938,218.0182342529297,0.9996142387390137
39,461.3468017578125,338.619873046875,0.0035179555416107178,466.4092712402344,271.37359619140625,0.9999971389770508,487.4748229980469,274.53143310546875,0.9999337196350098,509.3651123046875,279.4789123535156,0.9999810457229614,531.8995361328125,293.04522705078125,0.9999879598617554,479.3259582519531,175.572998046875,0.9999990463256836,503.3468933105469,154.17213439941406,0.9999982714653015,531.2745971679688,166.51785278320312,0.9999988079071045,553.9623413085938,219.97970581054688,0.9998325109481812
40,484.1009521484375,307.63128662109375,0.0020747780799865723,466.3848571777344,272.0868835449219,0.9999914169311523,487.6231994628906,274.90338134765625,0.9999375343322754,510.14019775390625,279.4789123535156,0.9977837204933167,532.4901123046875,293.04522705078125,0.9999051690101624,479.3259582519531,175.8949737548828,0.9999995827674866,503.69317626953125,154.36753845214844,0.9999979734420776,531.2745971679688,168.8050537109375,0.9996845126152039,553.73779296875,221.01609802246094,0.9999557733535767
41,459.8695068359375,341.4183349609375,0.014165729284286499,466.3848571777344,272.0868835449219,0.9999985694885254,487.6231994628906,274.90338134765625,0.9999822378158569,510.14019775390625,279.4789123535156,0.9999456405639648,532.4901123046875,293.04522705078125,0.999830961227417,479.3259582519531,179.28402709960938,0.9999966621398926,503.7151184082031,156.29241943359375,0.9999978542327881,531.00341796875,168.8551025390625,0.9999933242797852,553.5187377929688,224.4555206298828,0.9999499917030334
42,465.8896179199219,350.992431640625,0.008758008480072021,465.99578857421875,272.9436340332031,0.999994158744812,487.4748229980469,275.0398864746094,0.9999039769172668,509.3651123046875,282.0264892578125,0.9994959831237793,531.476806640625,294.6636962890625,0.9999138116836548,479.50323486328125,180.48854064941406,0.999999463558197,503.7151184082031,156.65296936035156,0.9999929666519165,531.00341796875,169.1527862548828,0.999856173992157,552.8875122070312,225.36891174316406,0.9999514818191528
43,465.8896179199219,351.25811767578125,0.0063016414642333984,465.8924865722656,278.34307861328125,0.9999959468841553,485.24444580078125,279.6640625,0.999975323677063,507.278076171875,283.34295654296875,0.9998049736022949,531.060546875,297.6286315917969,0.9996261596679688,479.50323486328125,181.5572052001953,0.9999977350234985,503.7151184082031,156.65296936035156,0.9999974966049194,531.00341796875,172.2888641357422,0.999930739402771,552.7750854492188,229.0234375,0.9999802112579346
44,465.8896179199219,351.25811767578125,0.999976396560669,465.118896484375,280.2027893066406,0.999998927116394,483.7308349609375,280.6977233886719,0.9999985694885254,506.12030029296875,286.79290771484375,0.9999830722808838,530.8064575195312,300.622802734375,0.9999985098838806,479.5494689941406,182.26834106445312,0.9999994039535522,504.3472595214844,156.65887451171875,0.9999990463256836,530.3706665039062,174.55194091796875,0.9999995231628418,552.7750854492188,229.39881896972656,0.9999982714653015
45,461.3449401855469,353.3788757324219,0.748024046421051,464.7878723144531,287.3190002441406,0.99998539686203,482.6993713378906,285.363037109375,0.999993085861206,505.2762451171875,287.9833984375,0.9999560117721558,528.3694458007812,302.27410888671875,0.999992311000824,480.0931701660156,183.90377807617188,0.9999999403953552,505.1586608886719,160.19544982910156,0.9999962449073792,530.3706665039062,175.78189086914062,0.9999998211860657,552.7750854492188,230.8072967529297,0.9999983310699463
46,462.3522033691406,360.6731262207031,0.9999780654907227,463.8381042480469,287.53387451171875,0.9999980926513672,482.67962646484375,286.7975769042969,0.9999988079071045,504.0198059082031,291.8657531738281,0.9999966025352478,527.9493408203125,308.0651550292969,0.9999977350234985,480.8576965332031,187.28111267089844,0.999998927116394,505.30316162109375,160.19544982910156,0.999998927116394,530.3706665039062,178.2438507080078,1.0,552.7750854492188,234.3099365234375,0.9999936819076538
47,461.3449401855469,364.01141357421875,0.9997565746307373,463.54833984375,288.65374755859375,0.999993622303009,482.67962646484375,287.1718444824219,0.9999963045120239,503.07293701171875,293.85540771484375,0.9999904632568359,527.7001342773438,309.93292236328125,0.9999973773956299,481.31280517578125,187.93896484375,0.9999990463256836,506.04425048828125,163.23251342773438,0.9999994039535522,530.9647216796875,181.42779541015625,1.0,552.947265625,236.01307678222656,0.9999947547912598
48,458.2923278808594,366.8099365234375,0.017570465803146362,463.8381042480469,292.99359130859375,0.9999784231185913,481.8741455078125,291.1932678222656,0.9999906420707703,503.07293701171875,298.9990539550781,0.9999728798866272,527.0195922851562,315.43505859375,0.9999730587005615,482.6678466796875,191.37916564941406,0.9999991655349731,506.29534912109375,166.4521026611328,0.9999996423721313,531.4215087890625,183.38844299316406,0.9999998807907104,553.5662841796875,240.3363800048828,0.9999961853027344
49,457.6957092285156,377.8255310058594,0.999657928943634,462.7559814453125,297.5556945800781,0.999984860420227,481.8741455078125,297.0408630371094,0.9999970197677612,503.1726989746094,300.9615173339844,0.9999701976776123,526.8281860351562,316.6593933105469,0.9999778270721436,483.2508544921875,192.4773406982422,0.9999998807907104,506.6166687011719,169.5353546142578,0.9999988675117493,531.61865234375,185.84678649902344,0.9999995827674866,553.7528686523438,243.4828338623047,0.9999972581863403
50,457.6957092285156,377.8255310058594,0.9999791979789734,462.7559814453125,299.68902587890625,0.9999971985816956,481.8741455078125,300.7584228515625,0.9999967217445374,503.1726989746094,308.3736877441406,0.9999934434890747,526.8281860351562,322.75396728515625,0.9999934434890747,483.71673583984375,194.76263427734375,0.9999998807907104,506.6532897949219,171.71609497070312,0.9999961853027344,532.4813842773438,187.82704162597656,0.9999997019767761,553.7528686523438,246.2735595703125,0.9999955892562866
51,457.6957092285156,378.70965576171875,0.9977046251296997,464.2443542480469,301.6977233886719,0.9999613761901855,482.17803955078125,301.2467346191406,0.9999967813491821,503.26824951171875,308.99847412109375,0.9999923706054688,526.8281860351562,324.0119934082031,0.9999915361404419,484.1437683105469,198.0504913330078,1.0,506.66632080078125,174.90554809570312,0.9999985694885254,532.51416015625,190.37039184570312,0.9999995827674866,554.5751342773438,248.65591430664062,0.9999908208847046
52,457.6957092285156,379.062744140625,0.9985135793685913,464.2443542480469,302.03985595703125,0.9999985098838806,482.17803955078125,302.20697021484375,0.9999983906745911,503.26824951171875,309.46405029296875,0.9999908208847046,526.6467895507812,324.31207275390625,0.9999954700469971,484.1437683105469,201.2520751953125,0.9999997615814209,506.93963623046875,177.70143127441406,0.9999997019767761,532.51416015625,194.7626953125,1.0,554.5751342773438,251.8369903564453,0.9999905824661255
53,459.3041687011719,379.062744140625,0.9998759627342224,464.3924255371094,307.10760498046875,0.999998152256012,482.2458801269531,308.7861022949219,0.9999991059303284,503.26824951171875,316.3063659667969,0.9999887347221375,527.10595703125,330.83148193359375,0.9999904632568359,484.1499328613281,202.4268341064453,0.9999996423721313,506.93963623046875,178.97230529785156,0.9999997019767761,532.6580200195312,197.56495666503906,1.0,554.7008056640625,256.3745422363281,0.9999963045120239
54,461.0075988769531,379.7611083984375,0.999982476234436,465.2310485839844,312.15557861328125,0.9999969005584717,482.4673767089844,311.99810791015625,0.9999985098838806,503.8175964355469,320.84857177734375,0.9999964237213135,528.0531616210938,334.2124328613281,0.9999892711639404,484.1437683105469,207.1093292236328,0.9999997615814209,507.0511169433594,184.00424194335938,0.9999994039535522,532.7109375,200.36688232421875,0.9999998211860657,555.2025146484375,259.79632568359375,0.9999974966049194
55,459.3041687011719,385.5638732910156,0.999986469745636,465.2310485839844,312.5634460449219,0.9999975562095642,482.568115234375,313.248046875,0.9999986886978149,503.8175964355469,320.8905029296875,0.999995231628418,528.0531616210938,335.9405212402344,0.999954104423523,484.1437683105469,208.84515380859375,0.9999998807907104,507.30938720703125,184.6726837158203,0.9999992847442627,532.81689453125,202.3586883544922,0.9999996423721313,555.7962646484375,263.40667724609375,0.9999959468841553
56,459.3041687011719,385.5638732910156,0.20988371968269348,466.5969543457031,314.0162658691406,0.9999972581863403,484.0458679199219,314.5869140625,0.999997615814209,504.500732421875,321.80615234375,0.9999732971191406,529.6587524414062,336.6072998046875,0.9994397163391113,484.3625793457031,212.79998779296875,1.0,507.39862060546875,190.74781799316406,0.9999977946281433,533.6167602539062,206.84097290039062,0.999999463558197,555.7962646484375,265.5475158691406,0.999991774559021
57,460.42840576171875,385.5638732910156,0.9955570697784424,466.6573791503906,314.7076416015625,0.9999977350234985,484.1171569824219,314.96356201171875,0.9999905824661255,505.7542724609375,322.2152404785156,0.9999821186065674,529.8226928710938,336.6072998046875,0.9999376535415649,484.4106750488281,214.1796875,1.0,507.39862060546875,192.3359375,0.9999990463256836,534.578857421875,208.19021606445312,0.9999997019767761,556.0125732421875,267.4156799316406,0.9999796152114868
58,461.8667907714844,386.04656982421875,0.9997556209564209,466.8150939941406,319.5403137207031,0.9999972581863403,484.2406921386719,320.0556640625,0.9999958872795105,506.58380126953125,326.14434814453125,0.9999831914901733,529.8756713867188,340.3302917480469,0.9999568462371826,484.8790283203125,216.65884399414062,0.9999998807907104,507.39862060546875,194.2230682373047,0.9999995827674866,534.578857421875,212.4866943359375,0.9999999403953552,556.0125732421875,270.8751525878906,0.9999946355819702
59,464.68988037109375,390.0033874511719,0.9999198913574219,467.5648193359375,320.3006896972656,0.999998927116394,484.6112365722656,320.9485168457031,0.9999980926513672,506.6648864746094,329.0809326171875,0.9999669790267944,529.8853149414062,343.81671142578125,0.9999728202819824,484.9781799316406,218.60076904296875,0.9999997019767761,507.5230712890625,197.0469207763672,0.9999996423721313,534.292724609375,214.13958740234375,0.9999999403953552,556.0125732421875,273.6708068847656,0.9999966621398926
60,464.68988037109375,390.0033874511719,0.20588475465774536,467.6114501953125,323.6939697265625,0.9999990463256836,486.11553955078125,325.2076110839844,0.9999979734420776,508.1513366699219,330.37884521484375,0.9999812841415405,530.0562744140625,346.26275634765625,0.9999914169311523,485.2945861816406,222.9606170654297,0.9999998211860657,507.5230712890625,200.01683044433594,0.9999995827674866,534.578857421875,216.19606018066406,0.9999998807907104,557.5145263671875,276.4320068359375,0.9999983906745911
61,465.34051513671875,390.0033874511719,0.9999723434448242,468.27728271484375,324.37738037109375,0.999999463558197,486.11553955078125,325.2323913574219,0.9999978542327881,508.32135009765625,331.169921875,0.9999874234199524,530.3886108398438,347.09332275390625,0.9999964237213135,485.4105224609375,224.15904235839844,0.9999998807907104,507.5230712890625,201.13587951660156,0.9999992847442627,534.5503540039062,218.396240234375,0.9999993443489075,557.5145263671875,278.3651123046875,0.999996542930603
62,467.060546875,390.1360168457031,0.9999785423278809,468.4239501953125,325.8077087402344,0.9999990463256836,487.0545349121094,325.99658203125,0.9999971389770508,509.6123352050781,331.2490234375,0.9999775886535645,531.471923828125,347.09332275390625,0.9999948740005493,485.4105224609375,224.6312713623047,1.0,508.0382080078125,203.4344024658203,0.999996542930603,534.5503540039062,219.55929565429688,0.9999992847442627,557.760009765625,280.0137634277344,0.9999898672103882
63,469.63433837890625,391.11993408203125,0.9999678134918213,468.5414733886719,326.1104736328125,0.9999995827674866,487.0561828613281,326.0119323730469,0.9999963045120239,509.6454162597656,332.4098815917969,0.9999707937240601,533.0938110351562,347.87139892578125,0.9999918937683105,485.7608947753906,225.99342346191406,0.9999999403953552,508.0382080078125,205.7187042236328,0.9999959468841553,535.3301391601562,221.72515869140625,0.9999995827674866,557.5145263671875,280.5452880859375,0.9999902248382568
64,470.08734130859375,390.1360168457031,0.41455912590026855,469.3632507324219,327.4304504394531,0.9999983310699463,487.4363708496094,327.4179382324219,0.9999978542327881,511.1636047363281,333.2022705078125,0.9999871253967285,533.285400390625,348.5308532714844,0.9999735355377197,485.9533996582031,227.57984924316406,1.0,508.159423828125,206.64134216308594,0.9999979138374329,535.449951171875,223.67015075683594,0.999999463558197,557.5145263671875,281.4584045410156,0.9999885559082031
65,470.7578125,390.1360168457031,0.9999875426292419,469.7426452636719,329.27215576171875,0.999998927116394,490.25677490234375,329.42034912109375,0.999991774559021,513.6659545898438,333.2022705078125,0.9999611377716064,535.5360107421875,348.632568359375,0.9999927282333374,487.2408142089844,229.91990661621094,0.9999998807907104,508.159423828125,208.13714599609375,0.999998927116394,535.5515747070312,224.16085815429688,0.9999990463256836,557.760009765625,281.6163024902344,0.9999852776527405
66,471.0541076660156,397.2222900390625,0.9997532367706299,470.6582336425781,330.0234069824219,0.9999945163726807,490.25677490234375,330.42718505859375,0.9999860525131226,513.6659545898438,333.2022705078125,0.9999884366989136,535.5360107421875,351.35247802734375,0.999954104423523,487.2408142089844,230.98277282714844,1.0,508.462646484375,208.7829132080078,0.9999990463256836,535.7543334960938,225.54067993164062,0.9999997615814209,558.4031372070312,283.2276916503906,0.9999959468841553
67,471.0541076660156,398.7653503417969,0.999971866607666,470.8247375488281,331.12896728515625,0.999998152256012,490.2232360839844,331.8569030761719,0.9999837875366211,512.6475219726562,336.1617126464844,0.99998939037323,534.6367797851562,351.38226318359375,0.9999815821647644,487.2408142089844,231.58876037597656,0.9999995231628418,508.8551025390625,210.09410095214844,0.9999995827674866,536.5467529296875,226.08160400390625,0.9999994039535522,558.4031372070312,283.2362060546875,0.9999966621398926
68,471.10687255859375,400.96673583984375,0.9971677660942078,471.488525390625,332.8630065917969,0.9999975562095642,490.3995056152344,335.33807373046875,0.9999915957450867,512.9012451171875,337.6531066894531,0.9999940395355225,535.5360107421875,353.9883728027344,0.9999850988388062,487.2311096191406,232.3999481201172,0.9999998807907104,508.99334716796875,210.6328125,0.9999994039535522,536.9367065429688,226.3663787841797,0.9999997615814209,558.8711547851562,285.0809020996094,0.9999913573265076
69,471.0541076660156,400.96673583984375,0.9700063467025757,472.2174072265625,334.2137756347656,0.9999955892562866,490.416748046875,335.4200134277344,0.9999862909317017,512.8291015625,338.5159912109375,0.9999960064888,534.6367797851562,354.5531311035156,0.9999769926071167,487.122314453125,233.34205627441406,0.9999997615814209,508.99334716796875,212.16952514648438,0.9999995231628418,537.0783081054688,227.4823455810547,0.9999998807907104,558.4031372070312,285.21075439453125,0.9999920129776001
70,471.10687255859375,400.6277160644531,0.999799370765686,472.267333984375,334.6964416503906,0.9999963045120239,490.416748046875,335.8458251953125,0.999992847442627,512.8291015625,338.5159912109375,0.9999958276748657,534.6367797851562,354.5531311035156,0.9999901056289673,487.122314453125,234.35972595214844,0.9999996423721313,509.3844299316406,212.22413635253906,0.999999463558197,537.0783081054688,227.72695922851562,0.9999997019767761,558.4031372070312,285.5053405761719,0.9999957084655762
71,473.3798522949219,400.96673583984375,0.8472179770469666,472.50006103515625,334.6964416503906,0.9999983906745911,490.9089660644531,335.8458251953125,0.9999960660934448,512.9012451171875,338.5159912109375,0.9999950528144836,536.404541015625,354.5531311035156,0.9999735355377197,487.2311096191406,235.03515625,0.9999998807907104,509.5090026855469,212.68658447265625,0.9999997019767761,536.9367065429688,227.90663146972656,0.9999997615814209,558.8711547851562,285.5272216796875,0.9999972581863403
72,474.36175537109375,401.3050537109375,0.999975323677063,472.50006103515625,336.0439453125,0.9999964833259583,490.9681701660156,335.94561767578125,0.9999972581863403,513.1692504882812,339.26763916015625,0.999987006187439,536.6756591796875,354.5531311035156,0.9999895095825195,487.4287414550781,235.3716278076172,0.9999997019767761,509.8283386230469,213.21319580078125,0.9999994039535522,536.9367065429688,229.81045532226562,0.9999996423721313,558.8711547851562,286.0765380859375,0.9999992847442627
73,474.36175537109375,401.3050537109375,0.9999912977218628,473.594482421875,336.0447082519531,0.9999895095825195,491.3515625,336.91278076171875,0.9999920129776001,515.9891357421875,339.4196472167969,0.9999873638153076,536.6781616210938,357.90386962890625,0.9999771118164062,487.79461669921875,235.6847381591797,0.9999997019767761,509.9554443359375,213.45179748535156,0.9999995827674866,537.0783081054688,230.26437377929688,0.9999995827674866,558.4033813476562,286.0765380859375,0.9999963641166687
74,474.36175537109375,403.8426208496094,0.9999953508377075,473.6174011230469,336.0447082519531,0.9999967813491821,492.01776123046875,337.6283264160156,0.9999980926513672,516.2355346679688,337.9736328125,0.9999948740005493,537.7368774414062,357.90386962890625,0.9999815821647644,487.79461669921875,235.89239501953125,0.999999463558197,509.9554443359375,213.5199737548828,0.9999995827674866,537.321044921875,230.296875,0.9999996423721313,558.4033813476562,286.1583251953125,0.9999889731407166
75,474.36175537109375,406.5625915527344,0.9999571442604065,473.6174011230469,337.53863525390625,0.9999974966049194,492.0403747558594,337.7821350097656,0.9999991655349731,516.2355346679688,339.4196472167969,0.999994695186615,536.6781616210938,357.9471740722656,0.9999768733978271,487.9265441894531,235.6847381591797,0.9999997615814209,509.92401123046875,213.6270294189453,0.9999996423721313,537.321044921875,230.4567413330078,0.9999997615814209,557.46142578125,286.1583251953125,0.9999905228614807
76,473.9944152832031,406.81988525390625,0.9999439120292664,474.3630676269531,338.3725891113281,0.9999970197677612,492.01776123046875,338.0341491699219,0.9999978542327881,516.2355346679688,339.85833740234375,0.9999964237213135,536.6756591796875,358.12274169921875,0.9999499320983887,488.18475341796875,236.46717834472656,0.9999997019767761,509.92401123046875,214.06192016601562,0.9999997615814209,537.321044921875,230.55902099609375,0.9999996423721313,557.46142578125,286.4916687011719,0.9999946355819702
77,473.9944152832031,406.81988525390625,0.9999669790267944,475.5166931152344,339.2313232421875,0.9999972581863403,492.918701171875,338.0672302246094,0.9999992251396179,516.197998046875,340.6423645019531,0.9999967813491821,536.6781616210938,360.5545959472656,0.9999440908432007,487.9355773925781,236.46717834472656,0.9999996423721313,509.9521179199219,214.06192016601562,0.9999992847442627,537.30615234375,230.7862091064453,0.9999992847442627,557.4310913085938,287.4952697753906,0.9999949932098389
78,476.4398193359375,406.5625915527344,0.9999936819076538,475.5166931152344,338.3725891113281,0.9999992847442627,492.918701171875,337.7821350097656,0.9999997019767761,516.197998046875,340.6423645019531,0.999988317489624,536.7179565429688,360.5545959472656,0.9999749660491943,487.9355773925781,236.46717834472656,0.9999995231628418,509.92401123046875,214.06192016601562,0.9999996423721313,537.1636962890625,231.15542602539062,0.9999995827674866,557.4310913085938,287.4952697753906,0.9999973773956299
79,476.55242919921875,407.0326843261719,0.9999927878379822,474.7438049316406,339.02215576171875,0.999998927116394,492.6120910644531,338.0672302246094,0.999999463558197,516.197998046875,340.7784729003906,0.9999982714653015,536.6641845703125,361.9706115722656,0.9999637007713318,488.18475341796875,235.77020263671875,0.9999997019767761,509.92401123046875,215.71226501464844,0.9999997615814209,537.0322265625,231.85427856445312,0.9999997615814209,557.4310913085938,287.5105895996094,0.9999974370002747
80,476.4398193359375,407.0326843261719,0.9999898672103882,474.7438049316406,339.1571044921875,0.9999974966049194,492.577392578125,338.9175109863281,0.999998927116394,516.5848388671875,341.8150634765625,0.9999978542327881,535.3695678710938,365.6415710449219,0.9999772310256958,488.0632629394531,236.76039123535156,0.9999997615814209,509.39984130859375,215.27764892578125,0.9999995231628418,537.1636962890625,231.15542602539062,0.9999995827674866,557.6531982421875,287.5105895996094,0.9999983310699463
81,476.4398193359375,404.5245666503906,0.999937891960144,475.1149597167969,339.02215576171875,0.9999973773956299,492.6120910644531,338.0672302246094,0.9999988079071045,516.66796875,340.6423645019531,0.9999942779541016,536.7179565429688,361.9706115722656,0.9999253749847412,488.0632629394531,236.76039123535156,0.9999997615814209,509.39984130859375,215.27764892578125,0.9999995827674866,537.1636962890625,230.9778594970703,0.9999995231628418,557.4310913085938,287.91510009765625,0.9999948143959045
82,476.4398193359375,404.5245666503906,0.9999740719795227,475.0830993652344,339.02215576171875,0.999997615814209,492.6120910644531,338.9175109863281,0.999998927116394,517.1635131835938,340.44329833984375,0.999994158744812,537.860107421875,360.3458557128906,0.9999585151672363,488.0679931640625,236.81570434570312,0.9999995231628418,509.39984130859375,215.71226501464844,0.9999995827674866,537.1636962890625,231.3143310546875,0.9999996423721313,557.2181396484375,288.008544921875,0.9999962449073792
83,477.0291748046875,403.0408935546875,0.9999285340309143,475.1149597167969,339.02215576171875,0.9999954700469971,493.1256408691406,338.9175109863281,0.9999913573265076,518.34326171875,340.44329833984375,0.9999951124191284,537.860107421875,360.3458557128906,0.9998738765716553,488.0679931640625,236.937744140625,0.9999997019767761,509.3858947753906,215.27764892578125,0.9999995231628418,537.0322265625,231.3143310546875,0.9999998211860657,556.9149169921875,288.008544921875,0.9999958276748657
84,477.1899108886719,403.0408935546875,0.9997578859329224,475.54534912109375,338.65234375,0.9999971985816956,493.60101318359375,338.7945861816406,0.9999977350234985,518.34326171875,340.210205078125,0.9999909996986389,537.860107421875,360.3458557128906,0.9999818205833435,488.0679931640625,236.937744140625,0.9999997615814209,509.2118835449219,215.27764892578125,0.9999994039535522,537.401123046875,230.9778594970703,0.9999996423721313,556.8339233398438,288.008544921875,0.9999963641166687
85,477.1899108886719,403.0408935546875,0.9999908208847046,475.6892395019531,337.9831237792969,0.999998927116394,493.60101318359375,338.49859619140625,0.9999988079071045,518.34326171875,340.07366943359375,0.999987006187439,537.860107421875,360.3458557128906,0.9998434782028198,488.2445373535156,236.81570434570312,0.9999996423721313,509.4881896972656,215.60806274414062,0.9999997615814209,537.0245361328125,230.9778594970703,0.9999994039535522,556.8339233398438,288.4607238769531,0.9999947547912598
86,477.1899108886719,403.15234375,0.999996542930603,475.6892395019531,338.3592224121094,0.9999985694885254,493.53802490234375,338.7945861816406,0.9999983310699463,518.3486328125,340.210205078125,0.9999982118606567,538.0936889648438,359.34197998046875,0.9999514222145081,488.2445373535156,236.59332275390625,0.9999997615814209,509.2405090332031,215.60806274414062,0.9999995231628418,537.0245361328125,230.90341186523438,0.9999996423721313,556.8339233398438,288.0712585449219,0.9999940395355225
87,476.0003356933594,404.6116638183594,0.9999657273292542,476.0315856933594,337.9831237792969,0.9999991655349731,493.1256408691406,338.49859619140625,0.9999995827674866,516.7469482421875,340.210205078125,0.9999947547912598,537.022216796875,362.4022216796875,0.9999567866325378,488.2445373535156,236.59332275390625,0.9999996423721313,509.2405090332031,215.08737182617188,0.9999995231628418,537.0245361328125,230.90341186523438,0.9999995231628418,557.3300170898438,287.38372802734375,0.9999970197677612
88,475.2672119140625,408.33111572265625,0.9999236464500427,475.6892395019531,337.25445556640625,0.9999964237213135,493.53802490234375,337.26519775390625,0.9999985694885254,516.7469482421875,340.5906677246094,0.9999950528144836,536.4679565429688,363.1634826660156,0.9999551177024841,488.2861022949219,236.59332275390625,0.9999997615814209,509.4881896972656,215.60806274414062,0.9999995231628418,537.0685424804688,230.90341186523438,0.9999996423721313,557.3300170898438,288.0712585449219,0.9999959468841553
89,475.2672119140625,408.33111572265625,0.9999744296073914,475.6892395019531,337.282470703125,0.9999987483024597,493.53802490234375,337.81744384765625,0.9999994039535522,517.2737426757812,340.5906677246094,0.9999945759773254,536.4679565429688,362.4022216796875,0.9999755620956421,488.2861022949219,236.50546264648438,0.9999997615814209,509.6133117675781,215.07029724121094,0.9999996423721313,537.0685424804688,231.1940460205078,0.9999996423721313,557.7791748046875,288.0712585449219,0.9999972581863403
90,476.0003356933594,404.6116638183594,0.9999132752418518,476.0315856933594,337.25445556640625,0.9999940395355225,493.883056640625,337.26519775390625,0.9999978542327881,518.3486328125,340.5906677246094,0.9999956488609314,538.0936889648438,359.06463623046875,0.9999269247055054,488.2861022949219,237.47610473632812,0.9999995231628418,509.61712646484375,215.07029724121094,0.9999995827674866,537.0685424804688,231.56759643554688,0.999999463558197,557.7791748046875,287.81414794921875,0.9999959468841553
91,478.8183898925781,404.6116638183594,0.9960417747497559,476.0315856933594,337.0899658203125,0.9999972581863403,494.27587890625,337.2582092285156,0.999993085861206,517.2737426757812,339.6653747558594,0.9999949932098389,538.1724243164062,359.6227722167969,0.9998584985733032,488.1246337890625,237.47610473632812,0.9999997615814209,510.0196228027344,214.6949920654297,0.9999996423721313,537.0685424804688,231.56759643554688,0.9999997615814209,557.28271484375,287.81414794921875,0.9999973773956299
92,479.0326232910156,402.3582763671875,0.4742138087749481,475.8836364746094,336.3096008300781,0.9999922513961792,494.27587890625,336.8153381347656,0.9999796748161316,517.7048950195312,339.3678894042969,0.9999679327011108,538.9744873046875,359.6227722167969,0.9999239444732666,488.1246337890625,236.885009765625,0.9999995827674866,510.0196228027344,215.75120544433594,0.9999989867210388,537.3165893554688,231.56759643554688,0.9999992847442627,557.28271484375,287.81414794921875,0.9999936819076538
93,479.3439636230469,402.3582763671875,0.999991774559021,476.8853759765625,336.0535583496094,0.999997615814209,494.27587890625,336.717041015625,0.9999979734420776,518.6546020507812,339.0003356933594,0.9999975562095642,538.9744873046875,358.5658874511719,0.9999732971191406,488.1246337890625,236.68344116210938,0.9999997615814209,510.0196228027344,215.75120544433594,0.9999995827674866,537.3165893554688,231.56759643554688,0.9999997019767761,557.7491455078125,287.81414794921875,0.9999972581863403
94,479.0326232910156,403.0643005371094,0.9994117021560669,475.8836364746094,336.0535583496094,0.9999916553497314,494.27392578125,336.717041015625,0.9999947547912598,517.8406982421875,339.0003356933594,0.9999951124191284,538.4979248046875,358.5658874511719,0.9999488592147827,488.06549072265625,236.885009765625,0.9999995827674866,509.5038146972656,215.75120544433594,0.9999995231628418,537.7278442382812,231.392333984375,0.9999998807907104,557.28271484375,288.1249084472656,0.9999955296516418
95,479.0326232910156,404.0711669921875,0.9999974966049194,475.8836364746094,336.0535583496094,0.9999985694885254,494.1565246582031,335.735107421875,0.9999960660934448,517.8406982421875,339.42657470703125,0.999992847442627,538.4979248046875,358.5658874511719,0.9999904632568359,488.06549072265625,236.885009765625,0.9999995231628418,509.31744384765625,215.75120544433594,0.9999992847442627,537.8446044921875,231.31674194335938,0.9999994039535522,557.28271484375,288.1249084472656,0.9999971389770508
96,479.0326232910156,404.0711669921875,0.9069582223892212,475.8015441894531,336.0535583496094,0.9999972581863403,493.6788635253906,335.735107421875,0.9999978542327881,517.8406982421875,339.42657470703125,0.9999704360961914,538.4979248046875,358.5658874511719,0.9999409914016724,488.06549072265625,236.92213439941406,0.9999996423721313,509.31744384765625,215.75120544433594,0.9999996423721313,537.7278442382812,231.31674194335938,0.9999994039535522,556.82470703125,288.1249084472656,0.9999971389770508
97,478.8744201660156,404.0711669921875,0.9999889731407166,475.9266662597656,336.0535583496094,0.9999938011169434,493.6788635253906,336.2138366699219,0.9999940395355225,517.8406982421875,339.42657470703125,0.9999963641166687,538.4979248046875,358.5658874511719,0.9999769330024719,488.2435302734375,237.27093505859375,0.9999995827674866,509.31744384765625,215.7277069091797,0.9999991655349731,537.2308959960938,231.9556884765625,0.9999997019767761,556.82470703125,288.8345031738281,0.9999943971633911
98,476.13421630859375,404.0711669921875,0.9999278783798218,475.9266662597656,336.6135559082031,0.9999987483024597,493.6788635253906,337.9136657714844,0.9999995231628418,517.6858520507812,340.0519104003906,0.9999851584434509,538.5987548828125,358.1474914550781,0.9998552799224854,487.9822998046875,237.46939086914062,0.9999996423721313,509.5038146972656,215.7277069091797,0.9999996423721313,537.7278442382812,231.9556884765625,0.9999994039535522,556.82470703125,288.8345031738281,0.9999974370002747
99,476.13421630859375,404.0711669921875,0.9999816417694092,475.9266662597656,336.6135559082031,0.999992847442627,493.6788635253906,336.7281799316406,0.9999903440475464,517.2886962890625,339.8552551269531,0.9999961853027344,538.5987548828125,358.62982177734375,0.9997930526733398,488.2435302734375,237.46939086914062,0.9999997019767761,509.6005859375,215.96112060546875,0.9999995231628418,537.48486328125,231.9556884765625,0.9999994039535522,557.3257446289062,288.41876220703125,0.9999948740005493
100,475.9535827636719,407.92041015625,0.999993085861206,475.67535400390625,337.2923889160156,0.9999960064888,493.41619873046875,337.9136657714844,0.9999967813491821,517.0115356445312,340.0519104003906,0.9999970197677612,536.5411376953125,361.9952392578125,0.9999812245368958,488.2441711425781,237.5786590576172,0.9999995231628418,509.7785949707031,215.7277069091797,0.999998927116394,536.9992065429688,232.22377014160156,0.9999995231628418,557.3257446289062,288.5667724609375,0.9999980926513672
101,476.13421630859375,403.7962951660156,0.9998077154159546,475.67535400390625,336.6135559082031,0.9999978542327881,493.41619873046875,336.9080810546875,0.999997615814209,517.0115356445312,339.8552551269531,0.9999940991401672,538.5987548828125,358.62982177734375,0.9998950362205505,488.5803527832031,237.46939086914062,0.9999997615814209,509.6005859375,215.7277069091797,0.9999992847442627,537.48486328125,231.9556884765625,0.9999994039535522,557.7863159179688,288.41876220703125,0.9999976754188538
102,475.9535827636719,407.92041015625,0.9999886751174927,475.07000732421875,336.6135559082031,0.9999985694885254,493.4017639160156,336.9080810546875,0.9999992847442627,516.7015380859375,340.0519104003906,0.999997615814209,536.5411376953125,361.54327392578125,0.9999655485153198,488.43048095703125,236.91983032226562,0.9999987483024597,509.6005859375,215.96112060546875,0.9999992847442627,537.48486328125,232.01953125,0.999999463558197,557.9075317382812,288.3678283691406,0.999997615814209
103,475.9535827636719,407.92041015625,0.9999791979789734,475.07000732421875,336.72998046875,0.9999909400939941,493.4017639160156,336.9080810546875,0.9999964237213135,516.7015380859375,339.8552551269531,0.999987006187439,536.5411376953125,361.54327392578125,0.9999430179595947,488.43048095703125,236.91983032226562,0.9999995827674866,509.6689147949219,215.96112060546875,0.999999463558197,537.2031860351562,231.50408935546875,0.9999996423721313,557.9075317382812,288.3678283691406,0.9999969601631165
104,474.10919189453125,409.2365417480469,0.9987134337425232,475.02166748046875,336.42205810546875,0.9999977350234985,493.4017639160156,336.9080810546875,0.9999976754188538,516.7015380859375,338.90484619140625,0.9999985694885254,537.9612426757812,356.6427307128906,0.9999608993530273,488.90313720703125,236.91983032226562,0.9999996423721313,509.6689147949219,215.3900909423828,0.9999991655349731,537.2031860351562,231.6252899169922,0.9999994039535522,557.7863159179688,288.3678283691406,0.9999991655349731
105,475.51898193359375,402.9449768066406,0.9946252703666687,475.02166748046875,335.94622802734375,0.9999984502792358,493.4017639160156,336.6548767089844,0.9999972581863403,517.2349853515625,338.61529541015625,0.9999971389770508,537.9612426757812,356.6427307128906,0.999928891658783,488.6891174316406,236.91983032226562,0.9999997019767761,509.5299377441406,215.26687622070312,0.9999995827674866,537.2631225585938,231.6252899169922,0.9999997615814209,557.7863159179688,288.3678283691406,0.9999979734420776
106,475.51898193359375,405.7089538574219,0.9997673034667969,475.02166748046875,336.42205810546875,0.9999949336051941,492.93212890625,336.6548767089844,0.9999960660934448,517.2349853515625,338.90484619140625,0.9999964237213135,537.4668579101562,359.2850341796875,0.9999879002571106,488.6098937988281,237.23110961914062,0.9999994039535522,509.62530517578125,215.41453552246094,0.9999994039535522,537.2631225585938,231.6252899169922,0.9999995231628418,556.4342041015625,288.58746337890625,0.9999967813491821
107,475.66754150390625,403.8631896972656,0.9998650550842285,475.8262939453125,336.13946533203125,0.9999929070472717,493.6680603027344,336.6548767089844,0.9999955892562866,517.2445068359375,338.61529541015625,0.9999927282333374,537.9612426757812,356.7674560546875,0.9999591112136841,488.6891174316406,237.23110961914062,0.9999995827674866,509.6689147949219,215.26687622070312,0.9999995231628418,537.7078247070312,231.32154846191406,0.9999996423721313,556.4342041015625,288.7205810546875,0.9999953508377075
108,475.51898193359375,405.7089538574219,0.9999892711639404,475.02166748046875,336.13946533203125,0.9999964237213135,492.6706237792969,336.6548767089844,0.9999992847442627,517.781982421875,338.90484619140625,0.9999927282333374,537.80810546875,359.2850341796875,0.9999120235443115,488.6891174316406,237.23110961914062,0.9999996423721313,510.0021057128906,215.09744262695312,0.9999995231628418,537.7078247070312,231.6252899169922,0.9999996423721313,556.4342041015625,288.7205810546875,0.9999977350234985
109,475.66754150390625,403.8631896972656,0.9996751546859741,475.8262939453125,336.13946533203125,0.9999948143959045,493.6680603027344,336.6548767089844,0.9999938011169434,518.0950927734375,338.3580627441406,0.9999943971633911,537.80810546875,359.2850341796875,0.9999666213989258,488.6098937988281,237.30361938476562,0.999999463558197,510.0021057128906,215.26687622070312,0.9999992847442627,538.1129150390625,231.7476348876953,0.9999997019767761,556.9240112304688,288.58746337890625,0.9999988079071045
110,475.70550537109375,403.8631896972656,0.9998936653137207,474.4975891113281,336.13946533203125,0.9999960660934448,493.4558410644531,336.5699462890625,0.999998927116394,517.781982421875,338.3580627441406,0.9999955892562866,538.8857421875,356.913330078125,0.9999330043792725,488.6098937988281,237.30361938476562,0.9999996423721313,510.0021057128906,215.16482543945312,0.9999996423721313,537.7078247070312,231.82655334472656,0.9999995231628418,557.2130126953125,288.4031066894531,0.9999964237213135
111,476.4579772949219,403.8631896972656,0.9999791383743286,475.3173828125,335.65875244140625,0.9999915957450867,493.6680603027344,336.55828857421875,0.9999890327453613,518.0950927734375,338.0558776855469,0.9999933242797852,539.30517578125,356.913330078125,0.9999821186065674,488.7652893066406,237.30361938476562,0.9999992847442627,510.0021057128906,215.16482543945312,0.9999996423721313,538.1129150390625,231.82655334472656,0.9999997615814209,557.2130126953125,288.3003845214844,0.9999960660934448
112,476.4579772949219,407.39434814453125,0.999419629573822,474.5132751464844,335.65875244140625,0.9999890327453613,493.4558410644531,336.55828857421875,0.9999923706054688,517.781982421875,338.0558776855469,0.9999889135360718,538.8857421875,357.4384765625,0.9999670386314392,488.34234619140625,237.62075805664062,0.9999996423721313,509.7455139160156,215.16482543945312,0.9999995231628418,537.0775146484375,231.8880157470703,0.9999994039535522,557.2130126953125,288.3003845214844,0.9999978542327881
113,476.4579772949219,407.39434814453125,0.9999536275863647,474.5746765136719,335.65875244140625,0.9999722838401794,493.4558410644531,336.55828857421875,0.9999822974205017,517.6307373046875,338.0558776855469,0.9999821186065674,538.8857421875,357.4384765625,0.999964714050293,488.4377136230469,237.30361938476562,0.999998927116394,509.7455139160156,215.2229461669922,0.9999991655349731,538.1495971679688,232.03604125976562,0.9999997019767761,557.2130126953125,288.4031066894531,0.9999953508377075
114,476.4579772949219,407.39434814453125,0.9999709129333496,474.5132751464844,337.5442199707031,0.9999966621398926,493.2528076171875,336.8631286621094,0.9999992847442627,517.6307373046875,338.423583984375,0.9999978542327881,536.5859375,360.564697265625,0.9999457597732544,488.4377136230469,237.2064208984375,0.9999995231628418,509.7455139160156,215.2229461669922,0.9999995231628418,537.7417602539062,231.82655334472656,0.9999994039535522,557.3552856445312,289.1808166503906,0.9999972581863403
115,475.65875244140625,407.39434814453125,0.9999977946281433,474.5746765136719,337.5442199707031,0.9999978542327881,493.2528076171875,336.8631286621094,0.9999995231628418,517.6466064453125,338.423583984375,0.9999982118606567,536.5859375,360.564697265625,0.9999685287475586,488.4377136230469,237.2064208984375,0.9999995231628418,510.1684265136719,215.2229461669922,0.9999992847442627,537.7417602539062,231.46510314941406,0.9999995827674866,557.1134643554688,289.1808166503906,0.9999973773956299
116,475.65875244140625,407.5166015625,0.9999786615371704,474.5746765136719,337.5442199707031,0.9999971389770508,493.2528076171875,338.417236328125,0.9999885559082031,517.6466064453125,338.42608642578125,0.9999855756759644,536.5859375,360.564697265625,0.9997009038925171,488.2635192871094,237.2064208984375,0.9999995827674866,510.1684265136719,215.2229461669922,0.999999463558197,537.7417602539062,231.52349853515625,0.9999997615814209,557.1134643554688,289.1808166503906,0.9999985694885254
117,477.15826416015625,406.0194396972656,0.9999580383300781,474.5746765136719,337.2618103027344,0.9999947547912598,492.7460021972656,338.417236328125,0.9999863505363464,517.6466064453125,338.42608642578125,0.9999854564666748,536.5859375,360.564697265625,0.9999761581420898,488.4377136230469,236.72412109375,0.9999995231628418,510.9489440917969,215.32568359375,0.9999995231628418,537.8671875,231.52349853515625,0.9999997615814209,557.1134643554688,289.1808166503906,0.9999963045120239
118,477.2313537597656,404.85235595703125,0.9999903440475464,475.0725402832031,336.959228515625,0.9999957084655762,493.40447998046875,337.17803955078125,0.9999967813491821,518.0670776367188,338.42608642578125,0.999994695186615,538.0972290039062,359.28411865234375,0.9999277591705322,488.2826232910156,237.2064208984375,0.9999997615814209,510.9489440917969,215.32568359375,0.9999994039535522,537.8671875,231.52349853515625,0.9999996423721313,558.1201171875,288.86505126953125,0.9999975562095642
119,477.2313537597656,404.85235595703125,0.9999933242797852,475.0725402832031,336.959228515625,0.9999972581863403,493.6700134277344,337.17803955078125,0.9999991655349731,518.0670776367188,339.1622009277344,0.9999978542327881,538.0972290039062,359.28411865234375,0.99994957447052,488.2826232910156,237.27584838867188,0.9999990463256836,510.2662353515625,215.24261474609375,0.999998927116394,537.8671875,231.52349853515625,0.9999995231628418,558.1170654296875,288.86505126953125,0.9999995231628418
120,477.2313537597656,404.85235595703125,0.9999979734420776,474.6689147949219,337.2618103027344,0.9999963045120239,493.40447998046875,337.7686767578125,0.9999977350234985,516.9328002929688,340.14874267578125,0.9999945163726807,538.0972290039062,359.5606689453125,0.9999512434005737,488.2628173828125,237.4475555419922,0.9999997019767761,510.04425048828125,215.32568359375,0.9999996423721313,537.8671875,231.52349853515625,0.9999995231628418,558.1170654296875,289.00640869140625,0.9999985098838806
121,477.2313537597656,404.5639953613281,0.9996182322502136,474.5192565917969,336.959228515625,0.9999957084655762,492.6672058105469,337.17803955078125,0.9999901652336121,516.9328002929688,340.14874267578125,0.999995231628418,538.3363647460938,359.5606689453125,0.9998736381530762,488.11810302734375,237.4475555419922,0.999999463558197,509.8266296386719,215.69430541992188,0.9999995231628418,537.7796020507812,231.46853637695312,0.9999997615814209,558.1170654296875,289.2150573730469,0.9999980926513672
122,476.5633544921875,404.85235595703125,0.9999912977218628,474.6197204589844,336.5915832519531,0.9999972581863403,492.8236389160156,336.0621643066406,0.9999990463256836,517.3937377929688,339.5953674316406,0.9999950528144836,538.3363647460938,359.5606689453125,0.9999532699584961,488.11810302734375,237.95408630371094,0.9999996423721313,509.54547119140625,215.61074829101562,0.9999992847442627,537.7796020507812,231.46853637695312,0.9999992251396179,558.1170654296875,289.00640869140625,0.9999982714653015
123,476.5633544921875,405.5823669433594,0.6581992506980896,474.36480712890625,337.4667053222656,0.9999912977218628,492.7357482910156,336.0621643066406,0.9999906420707703,517.3937377929688,340.14874267578125,0.9999693632125854,538.3363647460938,359.5606689453125,0.9999512434005737,488.11810302734375,237.95408630371094,0.9999997019767761,509.1401672363281,215.61074829101562,0.9999994039535522,537.7796020507812,231.40164184570312,0.9999997615814209,557.9893798828125,289.0508728027344,0.9999984502792358
124,476.4420471191406,405.5823669433594,0.9999891519546509,474.36480712890625,337.34228515625,0.9999902248382568,492.7357482910156,337.7686767578125,0.9999955296516418,517.5244140625,340.271240234375,0.9999939799308777,538.3363647460938,359.0104675292969,0.9996708631515503,488.11810302734375,237.53562927246094,0.9999995231628418,509.1401672363281,215.69430541992188,0.9999992847442627,537.7796020507812,231.46853637695312,0.9999996423721313,557.9893798828125,289.2150573730469,0.9999991059303284
125,476.5633544921875,404.3645324707031,0.9999791383743286,474.36480712890625,335.7218933105469,0.9999927282333374,492.7357482910156,335.9671630859375,0.9999977350234985,517.5244140625,339.5953674316406,0.9999966025352478,537.8597412109375,358.04803466796875,0.9999876022338867,488.11810302734375,237.53562927246094,0.9999995827674866,509.1401672363281,215.61074829101562,0.999999463558197,537.7929077148438,231.46853637695312,0.9999995827674866,558.42138671875,289.2150573730469,0.9999984502792358
126,477.64599609375,404.3645324707031,0.9999639987945557,474.6197204589844,335.7218933105469,0.9999966621398926,492.8236389160156,335.916015625,0.9999984502792358,517.5244140625,339.5953674316406,0.9999984502792358,537.8597412109375,356.8448181152344,0.9999803304672241,488.0604553222656,237.53562927246094,0.9999997019767761,509.1401672363281,215.4074249267578,0.9999991655349731,537.8917236328125,231.40164184570312,0.9999995231628418,558.42138671875,289.0508728027344,0.9999997019767761
127,477.64599609375,402.65423583984375,0.9999759793281555,473.891845703125,336.63287353515625,0.9999910593032837,492.7357482910156,337.40118408203125,0.9999960660934448,517.5244140625,338.84423828125,0.9999946355819702,537.8363647460938,356.8448181152344,0.999950647354126,488.0604553222656,237.33018493652344,0.9999997615814209,509.34283447265625,215.4074249267578,0.9999997615814209,537.8917236328125,231.40164184570312,0.9999997019767761,558.279541015625,289.5761413574219,0.9999988079071045
128,477.71002197265625,402.65423583984375,0.999995231628418,473.891845703125,336.63287353515625,0.9999805688858032,492.40936279296875,337.40118408203125,0.9999908208847046,517.2288208007812,338.84423828125,0.9999732971191406,537.8363647460938,356.8448181152344,0.9999843835830688,488.0604553222656,237.33018493652344,0.9999998807907104,509.4085998535156,215.4074249267578,0.9999992847442627,537.7929077148438,231.7728729248047,0.9999996423721313,558.279541015625,289.5761413574219,0.999997615814209
129,477.71002197265625,402.65423583984375,0.9958046674728394,473.403076171875,335.7218933105469,0.9999948740005493,492.38018798828125,337.0846252441406,0.9999982118606567,516.6854248046875,338.84423828125,0.9999976754188538,538.5253295898438,356.8448181152344,0.9999774694442749,488.2550354003906,237.33018493652344,0.9999997019767761,509.4085998535156,214.98619079589844,0.9999995231628418,537.7929077148438,231.76637268066406,0.9999997019767761,558.279541015625,288.6626281738281,0.9999986886978149
130,476.8312683105469,403.7250061035156,0.9999889135360718,473.0013122558594,336.63287353515625,0.9999973773956299,491.1589660644531,337.40118408203125,0.9999992847442627,516.31689453125,338.8573913574219,0.9999949336051941,538.5253295898438,358.34698486328125,0.9999926090240479,488.39898681640625,237.33018493652344,0.9999994039535522,509.4215087890625,215.4074249267578,0.9999991059303284,538.0477294921875,231.76637268066406,0.9999995231628418,558.279541015625,288.5505065917969,0.9999974370002747
131,476.8312683105469,403.7250061035156,0.9913069009780884,473.0013122558594,336.63287353515625,0.999993085861206,491.1589660644531,337.40118408203125,0.9999934434890747,516.31689453125,338.8573913574219,0.9999810457229614,538.5253295898438,358.34698486328125,0.999824047088623,488.39898681640625,237.66006469726562,0.9999996423721313,509.46466064453125,214.98619079589844,0.9999994039535522,537.6990966796875,231.7728729248047,0.9999995827674866,558.279541015625,288.6626281738281,0.9999994039535522
132,474.3949890136719,403.7250061035156,0.9999750852584839,473.0013122558594,335.5055847167969,0.9999969005584717,491.1589660644531,337.54180908203125,0.9999974966049194,515.4345703125,339.73883056640625,0.999995231628418,538.5253295898438,356.70928955078125,0.9999829530715942,488.39898681640625,237.66006469726562,0.9999995827674866,510.07879638671875,214.70327758789062,0.9999992251396179,537.6990966796875,231.76637268066406,0.9999998807907104,558.3060913085938,288.6124267578125,0.9999984502792358
133,473.64349365234375,402.07489013671875,0.9999814033508301,473.0013122558594,334.8857421875,0.9999915957450867,491.1589660644531,337.0846252441406,0.9999959468841553,515.4341430664062,339.33868408203125,0.9999946355819702,538.0762329101562,355.2814636230469,0.9999945163726807,488.2550354003906,237.66006469726562,0.9999995231628418,510.07879638671875,214.70327758789062,0.9999995827674866,537.7876586914062,231.76637268066406,0.9999995827674866,558.7811889648438,288.6124267578125,0.9999978542327881
134,473.64349365234375,399.86688232421875,0.9999918937683105,472.3544921875,335.5055847167969,0.9999918937683105,491.1589660644531,337.54180908203125,0.999997615814209,515.208251953125,339.73883056640625,0.9999980330467224,537.9894409179688,355.2814636230469,0.999988853931427,488.1488037109375,237.17153930664062,0.9999994039535522,510.07879638671875,214.70327758789062,0.9999994039535522,537.94384765625,230.97100830078125,0.9999995231628418,558.7811889648438,288.6124267578125,0.9999992847442627
135,470.7705993652344,398.1015625,0.998831033706665,472.3544921875,335.5055847167969,0.9999971389770508,491.02606201171875,337.54180908203125,0.9999958276748657,515.208251953125,339.73883056640625,0.9999975562095642,537.9894409179688,355.2814636230469,0.9999850988388062,488.1488037109375,237.13497924804688,0.9999995827674866,509.9482116699219,214.70327758789062,0.9999994039535522,537.8582763671875,231.1149139404297,0.9999996423721313,559.0492553710938,288.6124267578125,0.9999996423721313
136,470.7705993652344,394.1338195800781,0.766277015209198,471.70098876953125,336.4955139160156,0.9999991655349731,490.045166015625,337.691162109375,0.9999991655349731,514.293212890625,342.3850402832031,0.9999895095825195,537.842529296875,354.94329833984375,0.9999573230743408,488.5545654296875,237.13497924804688,0.9999997615814209,510.0364074707031,215.32537841796875,0.9999992847442627,537.94384765625,231.1149139404297,0.9999997615814209,559.0492553710938,288.2152099609375,0.9999997615814209
137,469.348388671875,394.1338195800781,0.001667320728302002,471.34466552734375,337.4884948730469,0.9999980330467224,488.84613037109375,338.2106628417969,0.9999982118606567,514.293212890625,342.3850402832031,0.9999914169311523,537.7418212890625,356.400634765625,0.9999804496765137,488.1488037109375,237.17153930664062,0.9999996423721313,509.9482116699219,215.56239318847656,0.9999994039535522,537.9490966796875,231.11557006835938,0.9999995231628418,559.8630981445312,288.2152099609375,0.9999991655349731
138,469.10418701171875,396.4329528808594,0.892289936542511,470.8290710449219,337.7480163574219,0.9999997019767761,488.67083740234375,338.2106628417969,0.9999973773956299,514.2493896484375,342.4676208496094,0.9999934434890747,536.9187622070312,356.86029052734375,0.9999828338623047,487.6680908203125,237.17153930664062,0.9999997615814209,509.68182373046875,215.6797332763672,0.9999988079071045,538.3074340820312,231.11557006835938,0.9999996423721313,559.0492553710938,288.6643371582031,0.9999973773956299
139,469.348388671875,396.4329528808594,0.9953176975250244,470.5013732910156,337.4884948730469,0.9999996423721313,488.67083740234375,338.0970153808594,0.999998152256012,514.293212890625,342.6834716796875,0.9999929666519165,536.9187622070312,356.86029052734375,0.9999686479568481,488.4508056640625,237.10923767089844,0.9999997615814209,509.68182373046875,215.6797332763672,0.9999990463256836,538.6234741210938,231.11557006835938,0.9999995231628418,558.5223388671875,288.2152099609375,0.9999995231628418
140,468.6343078613281,396.4329528808594,0.9892427921295166,470.18560791015625,337.4884948730469,0.9999994039535522,488.67083740234375,338.0970153808594,0.9999982118606567,514.293212890625,342.4891357421875,0.9999889731407166,536.6459350585938,358.069091796875,0.999956488609314,487.8716125488281,237.10923767089844,0.9999997615814209,509.59490966796875,215.56239318847656,0.9999992847442627,538.6234741210938,231.11557006835938,0.9999997019767761,558.5223388671875,288.5707092285156,0.999998927116394
141,468.35076904296875,396.4329528808594,0.7708978652954102,470.1791076660156,336.8935241699219,0.9999983310699463,488.67083740234375,338.0941467285156,0.9999971389770508,513.9677734375,342.6834716796875,0.9999932646751404,536.1398315429688,358.3734130859375,0.9999673962593079,487.8716125488281,237.10923767089844,0.9999995827674866,509.59490966796875,215.56239318847656,0.9999995827674866,538.7007446289062,231.18775939941406,0.9999997615814209,558.5223388671875,288.5707092285156,0.9999983310699463
142,468.35076904296875,396.4329528808594,0.9423599243164062,469.6548156738281,336.8935241699219,0.9999987483024597,488.47265625,338.0941467285156,0.9999942779541016,513.9677734375,342.6834716796875,0.9999960660934448,535.014892578125,358.3734130859375,0.9999933242797852,488.2433166503906,237.0909881591797,0.9999996423721313,509.5525817871094,215.55223083496094,0.9999996423721313,538.6234741210938,230.93870544433594,0.9999997615814209,558.5223388671875,288.0375671386719,0.999999463558197
143,468.6343078613281,396.4013366699219,0.9997026920318604,469.6548156738281,336.1307067871094,0.9999978542327881,488.94085693359375,337.9991455078125,0.9999942779541016,514.4598999023438,342.4891357421875,0.9999883770942688,535.014892578125,358.3734130859375,0.9999749660491943,488.2433166503906,237.0909881591797,0.9999994039535522,509.59490966796875,215.55223083496094,0.999998927116394,538.6234741210938,230.93870544433594,0.9999996423721313,558.5697021484375,287.9801940917969,0.9999984502792358
144,468.6343078613281,396.4013366699219,0.9986127614974976,469.6548156738281,336.3651123046875,0.9999994039535522,488.94085693359375,337.81365966796875,0.9999977946281433,514.3887329101562,342.0845642089844,0.999994158744812,535.9583129882812,358.069091796875,0.9999868869781494,488.2433166503906,236.8757781982422,0.9999996423721313,510.06549072265625,215.55223083496094,0.9999992847442627,538.9981689453125,230.93870544433594,0.9999998211860657,559.2120971679688,287.8153991699219,0.9999996423721313
145,468.2793273925781,396.4429016113281,0.9989632964134216,469.6548156738281,336.1394958496094,0.9999964237213135,488.5357360839844,337.1734924316406,0.9999886751174927,514.3887329101562,341.4847412109375,0.9999947547912598,535.9583129882812,355.4393005371094,0.9999731779098511,488.2433166503906,237.18527221679688,0.9999997615814209,510.06549072265625,215.55223083496094,0.9999992847442627,539.0682373046875,230.93870544433594,0.9999997615814209,558.5697021484375,287.76702880859375,0.9999986886978149
146,468.2793273925781,396.5662841796875,0.9861553311347961,469.6548156738281,336.1394958496094,0.9999994039535522,488.5357360839844,336.76531982421875,0.9999945163726807,514.3887329101562,341.4847412109375,0.9999977350234985,535.9583129882812,355.4393005371094,0.9999938011169434,488.0260314941406,236.7885284423828,0.9999994039535522,509.7520751953125,215.49522399902344,0.9999992847442627,538.9981689453125,230.8349609375,0.9999997615814209,559.1604614257812,287.8153991699219,0.9999990463256836
147,468.27020263671875,396.4429016113281,0.9993245601654053,469.9969482421875,335.4816589355469,0.9999992847442627,489.2135009765625,336.76531982421875,0.9999971389770508,514.2415771484375,341.4847412109375,0.9999966025352478,536.4666137695312,355.4393005371094,0.9999927282333374,488.0260314941406,237.18527221679688,0.9999997615814209,510.06549072265625,215.49522399902344,0.9999995231628418,538.9981689453125,230.64019775390625,0.9999997615814209,558.5697021484375,287.8153991699219,0.9999979138374329
148,467.83294677734375,396.4429016113281,0.9972751140594482,469.4537048339844,335.9236145019531,0.9999983310699463,488.5357360839844,337.1734924316406,0.9999823570251465,513.2247314453125,341.81085205078125,0.9999873042106628,536.4666137695312,355.4393005371094,0.9999942779541016,488.1988830566406,237.18527221679688,0.9999997019767761,509.933837890625,215.3421630859375,0.9999995231628418,538.8138427734375,230.6051788330078,0.9999997019767761,558.82177734375,288.5812683105469,0.9999994039535522
149,466.4204406738281,395.2902526855469,0.9974840879440308,468.9031982421875,335.9236145019531,0.9999986886978149,488.1029052734375,337.2559814453125,0.9999952912330627,513.1284790039062,342.4647521972656,0.999991774559021,536.4666137695312,354.4939880371094,0.9999637603759766,488.02569580078125,237.71694946289062,0.9999992847442627,509.7520751953125,215.49522399902344,0.9999992847442627,538.7996215820312,230.5945587158203,0.9999997615814209,558.4556274414062,288.5812683105469,0.9999979138374329
150,467.83294677734375,392.8056335449219,0.9997398853302002,468.9031982421875,335.4816589355469,0.9999984502792358,488.1029052734375,337.2559814453125,0.9999946355819702,513.2247314453125,342.4647521972656,0.9999910593032837,537.302490234375,355.59393310546875,0.9999858140945435,488.02569580078125,237.87686157226562,0.9999991655349731,509.8887634277344,214.84201049804688,0.9999993443489075,538.325927734375,230.4816131591797,0.9999998807907104,558.82177734375,288.5877685546875,0.9999991655349731
151,466.4204406738281,392.8056335449219,0.9998629093170166,468.9031982421875,335.9236145019531,0.9999992251396179,487.1871337890625,337.8540954589844,0.9999957084655762,513.036865234375,342.4647521972656,0.9999914169311523,537.302490234375,355.59393310546875,0.9999898672103882,488.02569580078125,237.87686157226562,0.9999997615814209,509.8887634277344,215.89122009277344,0.9999993443489075,538.253173828125,230.4816131591797,0.9999997019767761,558.82177734375,288.5877685546875,0.9999988079071045
152,466.4204406738281,394.83660888671875,0.9992973804473877,468.9031982421875,336.64593505859375,0.9999984502792358,487.1871337890625,337.8540954589844,0.9999902248382568,512.940673828125,341.81085205078125,0.9999957084655762,537.7772827148438,354.4939880371094,0.9999914169311523,488.02569580078125,237.71694946289062,0.9999995827674866,509.8887634277344,215.36932373046875,0.9999994039535522,537.9222412109375,230.4718475341797,0.9999997615814209,559.24609375,288.0564880371094,0.9999994039535522
153,466.33404541015625,395.2902526855469,0.7312015891075134,468.59228515625,336.9430236816406,0.999999463558197,486.66448974609375,338.5166015625,0.9999985694885254,512.875732421875,343.1098327636719,0.9999831914901733,535.4680786132812,355.59393310546875,0.9999797344207764,488.02569580078125,237.4151153564453,0.9999997615814209,509.8382568359375,215.36932373046875,0.9999992251396179,538.253173828125,230.17807006835938,0.9999995827674866,559.24609375,288.0564880371094,0.9999991655349731
154,466.61175537109375,395.8153381347656,0.9998091459274292,468.6794738769531,336.64593505859375,0.9999983310699463,486.66448974609375,338.5166015625,0.9999925494194031,512.6022338867188,343.76171875,0.9999915957450867,535.3190307617188,359.5801086425781,0.9999867677688599,487.9267272949219,237.20034790039062,0.9999995231628418,509.8887634277344,215.1555633544922,0.9999996423721313,538.253173828125,230.2411346435547,0.9999995827674866,559.24609375,288.0564880371094,0.9999991655349731
155,466.61175537109375,396.8718566894531,0.9765905141830444,468.59228515625,336.9430236816406,0.9999992251396179,486.6363525390625,338.858642578125,0.9999983310699463,512.4496459960938,343.94140625,0.9999863505363464,534.7791748046875,359.5801086425781,0.9999904632568359,487.9267272949219,237.11669921875,0.9999997019767761,510.0726623535156,215.36932373046875,0.9999994039535522,538.253173828125,230.37741088867188,0.9999998211860657,559.24609375,288.0564880371094,0.9999992847442627
156,466.61175537109375,396.8718566894531,0.9994833469390869,468.4119567871094,336.64593505859375,0.9999991059303284,486.3087158203125,338.6190185546875,0.9999983310699463,512.2166748046875,344.2970275878906,0.9999892115592957,534.2799072265625,358.351806640625,0.9999934434890747,487.8936462402344,236.92274475097656,0.9999996423721313,510.45135498046875,215.1555633544922,0.9999994039535522,538.9964599609375,230.2411346435547,0.9999997615814209,559.1561889648438,288.239013671875,0.9999984502792358
157,464.0408020019531,396.8718566894531,0.9919540882110596,467.6876525878906,336.43951416015625,0.9999994039535522,486.3087158203125,338.6190185546875,0.9999971389770508,511.935546875,344.2970275878906,0.9999873638153076,533.991455078125,358.351806640625,0.9999970197677612,487.8936462402344,237.11669921875,0.9999997615814209,510.45135498046875,215.1555633544922,0.9999990463256836,538.9964599609375,230.08885192871094,0.9999997019767761,558.849609375,288.8752136230469,0.999999463558197
158,465.1512145996094,395.9750671386719,0.9944136142730713,467.6876525878906,335.6496887207031,0.9999991655349731,486.6215515136719,338.6190185546875,0.9999993443489075,512.0645141601562,343.94140625,0.9999834299087524,534.2799072265625,358.00140380859375,0.9999780058860779,487.63775634765625,237.11669921875,0.9999997019767761,510.89776611328125,215.09646606445312,0.9999992847442627,538.6531982421875,230.2411346435547,0.9999997615814209,558.7424926757812,288.8752136230469,0.9999990463256836
159,463.51165771484375,395.7791748046875,0.9978392124176025,466.78533935546875,335.4021911621094,0.9999959468841553,485.94500732421875,337.0528259277344,0.9999921917915344,511.935546875,341.7694396972656,0.9999890327453613,534.2799072265625,356.3611145019531,0.9999982714653015,487.63775634765625,237.11669921875,0.9999995231628418,510.963623046875,215.09646606445312,0.9999994039535522,538.4327392578125,230.08885192871094,0.9999997615814209,558.849609375,289.00311279296875,0.9999988079071045
160,462.69500732421875,395.7791748046875,0.9999418258666992,466.78533935546875,333.8402099609375,0.9999986290931702,485.44171142578125,334.6455993652344,0.9999954104423523,510.2378234863281,341.3160095214844,0.9999902248382568,533.991455078125,356.0259094238281,0.9999866485595703,487.63775634765625,237.00277709960938,0.9999997615814209,510.963623046875,215.09646606445312,0.9999994039535522,538.6531982421875,230.08885192871094,0.9999996423721313,558.7424926757812,289.00311279296875,0.9999989867210388
161,463.51165771484375,395.6220397949219,0.9998388290405273,465.91552734375,333.8402099609375,0.9999969005584717,484.9584655761719,334.6362609863281,0.9999972581863403,510.2378234863281,341.1950378417969,0.9999876022338867,533.991455078125,354.78814697265625,0.999996542930603,486.6039123535156,237.00277709960938,0.9999997615814209,511.2744445800781,215.2991180419922,0.9999995827674866,538.4327392578125,230.69349670410156,0.9999997615814209,558.7424926757812,289.5588684082031,0.9999991059303284
162,462.69500732421875,395.6220397949219,0.9979043006896973,465.9125671386719,333.8402099609375,0.9999992847442627,483.5865173339844,334.6362609863281,0.9999977350234985,510.110107421875,341.1950378417969,0.9999818801879883,533.1695556640625,354.78814697265625,0.999997615814209,486.6039123535156,237.00277709960938,0.9999997615814209,511.2744445800781,215.2991180419922,0.9999992847442627,538.4327392578125,230.7635040283203,0.9999996423721313,558.749755859375,289.5588684082031,0.9999988079071045
163,462.17633056640625,395.6220397949219,0.9999377727508545,465.78961181640625,333.9530334472656,0.9999984502792358,483.5865173339844,334.6455993652344,0.9999983310699463,508.4196472167969,341.3160095214844,0.9999915361404419,532.999755859375,356.0259094238281,0.9999972581863403,486.6039123535156,237.00277709960938,0.9999997615814209,510.42694091796875,215.44789123535156,0.9999995827674866,538.4327392578125,230.7635040283203,0.9999997615814209,558.92041015625,291.34808349609375,0.9999988675117493
164,462.1304016113281,396.35498046875,0.9995191097259521,464.5816650390625,334.67755126953125,0.9999942779541016,482.4402770996094,336.86383056640625,0.9999971389770508,508.4038391113281,343.7748718261719,0.9999642372131348,532.2861938476562,356.05682373046875,0.9999973177909851,487.2016906738281,237.4441680908203,0.9999997019767761,510.42694091796875,216.03994750976562,0.9999980330467224,538.4601440429688,231.41598510742188,0.9999995231628418,558.749755859375,291.7349548339844,0.9999985694885254
165,460.6875915527344,395.6220397949219,0.999923050403595,463.1658630371094,336.10394287109375,0.9999932050704956,481.9490661621094,337.4200134277344,0.999996542930603,508.0444030761719,343.7748718261719,0.9999843835830688,532.2861938476562,356.05682373046875,0.9999983310699463,487.2016906738281,238.47555541992188,0.9999996423721313,511.12579345703125,216.68942260742188,0.9999990463256836,538.4601440429688,231.84857177734375,0.9999996423721313,558.92041015625,292.748291015625,0.9999980330467224
166,459.39111328125,398.3835754394531,0.9998019933700562,461.6660461425781,337.3206481933594,0.9999948740005493,481.046630859375,337.9920959472656,0.9999971389770508,507.5384826660156,344.2332458496094,0.9999815225601196,530.5233764648438,356.67218017578125,0.9999933242797852,487.2016906738281,238.6999969482422,0.9999995231628418,511.12579345703125,217.3639678955078,0.999997615814209,538.474609375,232.793701171875,0.9999995231628418,558.92041015625,293.0443420410156,0.9999982118606567
167,458.3789978027344,398.3835754394531,0.9968637824058533,461.6346435546875,337.34417724609375,0.9999922513961792,480.9775085449219,337.9920959472656,0.9999923706054688,507.1463623046875,345.6963806152344,0.9999788999557495,528.9741821289062,359.74700927734375,0.9999907612800598,486.8290100097656,239.04153442382812,0.9999997615814209,511.2625427246094,218.2878875732422,0.9999982118606567,538.7588500976562,234.3956756591797,0.999997615814209,558.92041015625,294.22247314453125,0.9999964237213135
168,458.3789978027344,398.3835754394531,0.9998766183853149,461.3773498535156,338.22601318359375,0.9999939203262329,479.9681701660156,339.9062805175781,0.999991238117218,506.00311279296875,345.9405517578125,0.9999645352363586,528.6429443359375,361.4071044921875,0.999949038028717,486.803466796875,241.0481414794922,0.9999998807907104,511.6423645019531,220.27120971679688,0.9999987483024597,539.4794921875,236.0814971923828,0.9999983906745911,558.8760986328125,297.6343994140625,0.9999759793281555
169,458.3789978027344,398.09979248046875,0.9997076988220215,461.3773498535156,340.54248046875,0.9999973177909851,479.8700866699219,341.4732666015625,0.9999992847442627,506.56365966796875,348.16693115234375,0.9999712705612183,528.9741821289062,365.2749938964844,0.9999848008155823,486.803466796875,243.6439208984375,1.0,512.357666015625,222.15602111816406,0.9999985098838806,540.2952880859375,238.48472595214844,0.9999985694885254,558.8760986328125,299.7421569824219,0.9999864101409912
170,459.9858093261719,398.5392761230469,0.8790160417556763,461.3773498535156,341.637939453125,0.9999932050704956,479.1123352050781,343.6906433105469,0.9999947547912598,506.56365966796875,351.3660888671875,0.9999471306800842,528.9741821289062,367.9833679199219,0.9999860525131226,486.803466796875,246.59983825683594,0.9999998807907104,513.0765380859375,225.9529266357422,0.9999994039535522,540.3966674804688,243.59500122070312,1.0,558.8760986328125,303.8283386230469,0.9999871253967285
171,461.9521484375,398.5392761230469,0.9992721676826477,460.4210205078125,343.1479187011719,0.9999977350234985,478.9842224121094,344.1207275390625,0.999996542930603,506.00311279296875,352.10858154296875,0.9997477531433105,528.9741821289062,369.6835632324219,0.9999942779541016,487.2397766113281,249.39422607421875,0.9999992251396179,514.5647583007812,227.8173828125,0.9999998807907104,540.556396484375,245.95022583007812,0.9999998807907104,558.8760986328125,306.62994384765625,0.9999959468841553
172,462.2486267089844,403.2053527832031,0.18721270561218262,460.4210205078125,347.91156005859375,0.9999723434448242,479.1123352050781,347.3071594238281,0.9999562501907349,506.56365966796875,355.2059326171875,0.9993880987167358,530.264404296875,369.7431945800781,0.9999763369560242,487.8238525390625,253.7568359375,0.9999995231628418,514.961181640625,233.8859100341797,0.9999996423721313,541.2998657226562,250.0662841796875,0.9999985694885254,559.4423828125,311.28363037109375,0.9999903440475464
173,462.2544860839844,403.9015197753906,0.05385780334472656,460.4210205078125,354.0171203613281,0.9999963045120239,479.68353271484375,354.8164367675781,0.9999945163726807,507.06829833984375,358.59033203125,0.9997572898864746,530.3179931640625,376.47509765625,0.999930739402771,488.23052978515625,257.5050048828125,0.9999998807907104,516.3624877929688,237.61514282226562,0.9999997615814209,541.6031494140625,254.97491455078125,0.9999990463256836,559.9366455078125,316.20404052734375,0.999987006187439
174,465.4275817871094,404.5722961425781,0.04510277509689331,460.4210205078125,354.6811828613281,0.999993622303009,479.68353271484375,355.5127258300781,0.9999849796295166,507.2384338378906,361.6235046386719,0.999693751335144,531.1111450195312,380.9014587402344,0.9999822378158569,488.3990173339844,261.7021484375,0.9999997615814209,516.3722534179688,240.72384643554688,0.9999998211860657,542.6925048828125,259.62451171875,0.9999998807907104,560.6058959960938,320.6225891113281,0.9999959468841553
175,465.740478515625,404.5722961425781,0.0016795694828033447,462.3963623046875,355.8838806152344,0.9999958276748657,481.4464111328125,355.94873046875,0.9999697208404541,507.2384338378906,364.6150817871094,0.9922771453857422,531.9014892578125,381.2998962402344,0.9999616742134094,488.8019104003906,264.7842712402344,0.9999992847442627,517.16455078125,246.5712127685547,0.9999998807907104,542.8932495117188,263.25103759765625,0.9999997615814209,560.9600219726562,324.5519104003906,0.9999973773956299
176,470.5917663574219,403.9015197753906,0.4769158661365509,463.79254150390625,358.1588439941406,0.999993085861206,481.7029113769531,359.06280517578125,0.99983811378479,507.83526611328125,368.46502685546875,0.96866375207901,532.33251953125,381.6399230957031,0.9994945526123047,489.973388671875,269.5368957519531,0.9999988079071045,517.3680419921875,248.58602905273438,0.9999998211860657,543.3911743164062,267.5877990722656,0.9999984502792358,560.9600219726562,330.45697021484375,0.9999665021896362
177,477.6949157714844,400.84124755859375,0.7688874006271362,465.07427978515625,359.0211486816406,0.05219376087188721,482.9272766113281,362.2078552246094,0.14477476477622986,508.8768005371094,368.46502685546875,0.029861867427825928,534.1000366210938,382.81103515625,0.9778484106063843,490.1706848144531,270.7342224121094,0.9999985694885254,518.3575439453125,252.2553253173828,0.9999996423721313,543.8678588867188,269.3537292480469,0.9999986886978149,562.0947265625,333.6658935546875,0.9999771118164062
178,483.4336242675781,399.8971862792969,0.6433470845222473,466.3763427734375,359.59698486328125,0.9956812262535095,483.6773986816406,362.9092712402344,0.9949575662612915,512.2870483398438,368.46502685546875,0.4821607172489166,536.3659057617188,385.6567687988281,0.9972658157348633,490.3854675292969,274.5196228027344,0.9999997615814209,518.8043212890625,255.9017791748047,0.9999997615814209,544.0550537109375,272.6196594238281,0.9999997019767761,562.4881591796875,336.2676086425781,0.999969482421875
179,483.85272216796875,399.8971862792969,0.28240615129470825,466.7740173339844,360.5942077636719,0.9782091975212097,484.1799011230469,363.4228210449219,0.9521917104721069,514.0048217773438,368.46502685546875,0.6988392472267151,537.1407470703125,385.6585998535156,0.9744673371315002,490.8017578125,278.36395263671875,0.9999997615814209,518.8287963867188,258.19732666015625,0.9999998807907104,544.7010498046875,274.97186279296875,0.9999999403953552,562.56103515625,338.3218688964844,0.9999969005584717
180,486.3847961425781,399.6941223144531,0.8545002937316895,468.7861328125,360.5942077636719,0.004814177751541138,484.1799011230469,363.4228210449219,0.00341680645942688,514.2877807617188,370.4643859863281,0.0006789565086364746,537.3876342773438,385.6585998535156,0.690407395362854,491.80426025390625,280.21588134765625,0.9999994039535522,520.1834106445312,261.2045593261719,0.9999997019767761,545.12255859375,277.72314453125,0.9999998807907104,562.8404541015625,342.1236877441406,0.9999978542327881
181,486.3847961425781,399.6941223144531,0.9220677018165588,469.1807861328125,359.59698486328125,0.906267523765564,485.80426025390625,363.5208435058594,0.6686893105506897,514.2877807617188,371.01025390625,0.0011275112628936768,537.3876342773438,387.81219482421875,0.011057108640670776,492.0216064453125,281.8271179199219,0.9999983310699463,520.1834106445312,264.28326416015625,0.9999996423721313,545.979736328125,279.5628356933594,0.9999998807907104,563.80419921875,345.0457763671875,0.999989926815033
182,486.96453857421875,399.6941223144531,0.9335806369781494,473.02166748046875,358.2304992675781,0.06066444516181946,487.4297180175781,363.5208435058594,0.09218990802764893,516.0194091796875,371.01025390625,0.0010374486446380615,537.3876342773438,398.8470458984375,0.025612831115722656,492.05841064453125,285.12481689453125,0.999996542930603,520.4774780273438,264.3529052734375,0.999999463558197,545.979736328125,281.6067810058594,0.9999997019767761,564.0848388671875,346.25994873046875,0.9999909400939941
183,487.8001403808594,401.0733642578125,0.0024172961711883545,473.441162109375,358.1360778808594,0.6209739446640015,490.7127990722656,359.534912109375,0.25340989232063293,514.2877807617188,371.01025390625,0.0019807815551757812,540.2420043945312,401.90118408203125,0.6407952904701233,492.70196533203125,285.6831359863281,0.9999948143959045,520.5875854492188,268.6698303222656,0.9999990463256836,546.0208129882812,285.656005859375,0.9999993443489075,564.5884399414062,348.9934997558594,0.9999934434890747
184,489.9668273925781,402.3540954589844,0.0006622672080993652,477.62420654296875,358.1360778808594,0.0007340610027313232,490.7127990722656,359.534912109375,0.0007735192775726318,512.5197143554688,286.68023681640625,0.0013984143733978271,540.2420043945312,403.2313537597656,0.05720120668411255,492.8029479980469,287.3050537109375,0.9999986886978149,521.0292358398438,269.1362609863281,0.9999971389770508,546.1797485351562,285.9834289550781,0.9999995231628418,565.240234375,350.7286682128906,0.9999860525131226
185,491.6688537597656,402.3540954589844,0.4181044399738312,573.458251953125,358.2304992675781,0.8476905226707458,490.7127990722656,359.534912109375,0.5082893371582031,512.4970703125,286.68023681640625,0.001038193702697754,538.7330932617188,403.9153747558594,0.005224883556365967,493.34429931640625,288.3742370605469,0.9999985694885254,521.3243408203125,271.05926513671875,0.9999978542327881,546.1797485351562,287.0503845214844,0.9999996423721313,565.3151245117188,350.76708984375,0.999988317489624
186,492.6488952636719,401.9261474609375,0.37850141525268555,573.458251953125,358.1360778808594,0.0015234649181365967,518.9398193359375,289.5423278808594,0.0019286870956420898,510.8712158203125,286.68023681640625,0.0014568567276000977,538.7330932617188,406.14581298828125,0.0027934908866882324,493.5913391113281,290.10479736328125,0.9999995231628418,521.5368041992188,272.1904296875,0.9999992251396179,546.4129638671875,289.3672790527344,1.0,565.3493041992188,352.60504150390625,0.9999992847442627
187,492.6488952636719,402.3540954589844,0.519713282585144,573.458251953125,364.894775390625,0.001107722520828247,519.4833984375,289.7589416503906,0.0009192824363708496,510.8712158203125,397.1629638671875,0.0013438761234283447,536.5305786132812,407.7418518066406,0.04604017734527588,493.5913391113281,290.87139892578125,0.9999996423721313,521.5368041992188,272.54156494140625,0.9999989867210388,546.5323486328125,290.1947021484375,1.0,566.1035766601562,354.1228942871094,0.9999975562095642
188,493.54937744140625,403.87103271484375,0.06516578793525696,573.458251953125,364.894775390625,0.0010752677917480469,519.4833984375,289.7589416503906,0.0015924274921417236,512.1094970703125,397.1629638671875,0.02545180916786194,536.4611206054688,411.6052551269531,0.691251277923584,493.49774169921875,291.9189147949219,0.9999996423721313,521.7936401367188,273.18804931640625,0.9999995231628418,546.83349609375,290.36651611328125,1.0,566.5865478515625,355.5292053222656,0.999998927116394
189,493.80523681640625,401.9261474609375,0.008674830198287964,573.1151123046875,364.7998962402344,0.0012148916721343994,519.4833984375,289.7589416503906,0.0016534626483917236,512.1094970703125,403.2369079589844,0.02362668514251709,536.4611206054688,413.5468444824219,0.29887351393699646,493.49774169921875,292.724853515625,0.9999997615814209,522.0897827148438,274.2286682128906,0.9999996423721313,547.08056640625,290.8555908203125,1.0,566.6965942382812,356.3727111816406,0.9999994039535522
190,494.98101806640625,403.97821044921875,0.01510077714920044,573.1151123046875,364.47967529296875,0.03640580177307129,487.0588684082031,373.7930908203125,0.027174919843673706,512.1094970703125,403.8408203125,0.004573136568069458,536.4611206054688,415.01666259765625,0.12785503268241882,493.81414794921875,293.0343017578125,0.9999996423721313,522.3352661132812,274.2356262207031,0.9999995827674866,547.1253051757812,291.9397888183594,1.0,566.8472900390625,356.5425720214844,0.9999982118606567
191,495.6795654296875,404.4349365234375,0.9615993499755859,573.1151123046875,364.47967529296875,0.000794529914855957,487.0588684082031,373.7930908203125,0.005531489849090576,512.1094970703125,403.2369079589844,0.0014054179191589355,535.8583984375,417.13665771484375,0.021642178297042847,493.73504638671875,293.57745361328125,0.9999994039535522,522.3352661132812,275.1311950683594,0.9999997615814209,547.58447265625,292.21063232421875,1.0,567.604248046875,356.7008056640625,0.9999980926513672
192,495.6795654296875,404.4349365234375,0.7056852579116821,477.4102783203125,362.51629638671875,0.001147925853729248,487.0588684082031,373.7930908203125,0.0029318928718566895,511.498779296875,405.5865783691406,0.007772386074066162,535.8447875976562,417.80804443359375,0.176799476146698,493.73504638671875,293.8954772949219,0.9999994039535522,522.893798828125,275.144775390625,0.9999996423721313,548.0060424804688,293.55419921875,1.0,567.604248046875,358.1718444824219,0.9999967217445374
193,495.6795654296875,404.4349365234375,0.011792033910751343,493.5633544921875,361.6499938964844,0.0033319294452667236,485.4172058105469,393.38153076171875,0.0013665258884429932,510.080078125,405.5865783691406,0.029494285583496094,535.0810546875,417.95904541015625,0.8833848834037781,493.790771484375,294.5558776855469,0.9999995231628418,522.893798828125,275.245849609375,0.9999997019767761,548.0060424804688,294.0093994140625,1.0,568.183349609375,358.78936767578125,0.9999980926513672
194,494.63360595703125,406.37628173828125,0.003251701593399048,477.75079345703125,353.09222412109375,0.955254316329956,491.51068115234375,361.7605895996094,0.11300918459892273,511.2565002441406,406.84710693359375,0.07825532555580139,534.415283203125,417.95904541015625,0.9982643127441406,493.790771484375,294.5558776855469,0.9999988079071045,522.8963012695312,276.89080810546875,0.9999997615814209,548.096923828125,294.0280456542969,0.9999998807907104,568.183349609375,359.5557556152344,0.9999974966049194
195,492.7474060058594,407.10955810546875,0.05866408348083496,477.75079345703125,352.349365234375,0.0008803308010101318,492.54437255859375,361.3241271972656,0.006156325340270996,511.2565002441406,402.72967529296875,0.0007198154926300049,532.319091796875,419.36651611328125,0.0022134780883789062,493.790771484375,294.5667724609375,0.9999994039535522,522.893798828125,277.5833435058594,0.9999998211860657,548.0060424804688,294.3043212890625,1.0,568.183349609375,359.8483581542969,0.9999911785125732
196,492.7474060058594,406.37628173828125,0.013342887163162231,493.5633544921875,352.349365234375,0.29138055443763733,492.54437255859375,361.3241271972656,0.09099403023719788,509.9676818847656,403.2045593261719,0.009486943483352661,532.319091796875,419.2745361328125,0.20454102754592896,494.16033935546875,294.5667724609375,0.999998927116394,522.8963012695312,277.5833435058594,0.9999997615814209,547.7394409179688,294.7610168457031,0.9999999403953552,568.0066528320312,360.5990905761719,0.9999954700469971
197,492.87646484375,406.3173828125,0.0010121464729309082,493.5633544921875,352.349365234375,0.0007264316082000732,491.51068115234375,361.7605895996094,0.0010410845279693604,509.225341796875,403.2045593261719,0.0008377730846405029,532.5889892578125,419.2745361328125,0.6121422052383423,494.16033935546875,294.5667724609375,0.9999990463256836,522.8446044921875,277.8210754394531,0.9999997615814209,547.7394409179688,295.3428039550781,0.9999999403953552,568.1025390625,361.11236572265625,0.9999828338623047
198,492.87646484375,406.3173828125,0.03841376304626465,493.6151123046875,352.349365234375,0.0008760690689086914,491.51068115234375,361.7605895996094,0.0011044144630432129,509.4828186035156,406.249267578125,0.014971524477005005,532.7055053710938,420.0462646484375,0.9938632845878601,494.6298522949219,295.72125244140625,0.999998927116394,522.8963012695312,277.8861083984375,0.9999997019767761,547.863037109375,295.73626708984375,0.9999999403953552,568.0106201171875,361.11236572265625,0.9999954700469971
199,494.63177490234375,406.3173828125,0.02194392681121826,493.6151123046875,363.02447509765625,0.017843902111053467,483.894775390625,394.2922058105469,0.09965434670448303,509.225341796875,406.249267578125,0.2202705442905426,532.7055053710938,420.4237365722656,0.9681746363639832,494.16033935546875,295.9186706542969,0.9999987483024597,523.001708984375,278.82928466796875,0.9999995827674866,547.863037109375,296.1026306152344,0.9999998807907104,568.0106201171875,361.4107666015625,0.9999940395355225
200,494.63177490234375,406.3173828125,0.0006952881813049316,474.49432373046875,363.02447509765625,0.0006699860095977783,483.894775390625,394.2922058105469,0.001884162425994873,509.225341796875,406.249267578125,0.028695136308670044,532.8578491210938,420.4237365722656,0.9930689334869385,494.6298522949219,295.9186706542969,0.9999991655349731,523.0376586914062,279.2944030761719,0.9999995827674866,547.9747924804688,296.9046630859375,0.9999998807907104,567.9536743164062,361.63079833984375,0.999988317489624
201,494.63177490234375,407.31341552734375,0.036622703075408936,474.49432373046875,360.9581604003906,0.003733038902282715,483.894775390625,394.2922058105469,0.020130813121795654,509.4828186035156,412.7901611328125,0.30795520544052124,532.7055053710938,423.19537353515625,0.9991766810417175,494.6298522949219,295.9809265136719,0.9999992847442627,523.5133056640625,280.0613098144531,0.9999996423721313,548.2381591796875,297.26214599609375,0.9999998807907104,567.9536743164062,362.7327880859375,0.9999938011169434
202,494.63177490234375,416.1221923828125,0.002009451389312744,494.2201232910156,309.59783935546875,0.0009200572967529297,484.26483154296875,396.49462890625,0.00047725439071655273,509.508544921875,412.8811950683594,0.0010707378387451172,532.7685546875,424.3111572265625,0.010498672723770142,495.1114501953125,297.2159118652344,0.9999980926513672,523.5345458984375,280.0613098144531,0.9999994039535522,548.2381591796875,298.4332580566406,0.9999992847442627,567.9536743164062,363.2967834472656,0.9999830722808838
203,494.63177490234375,416.1221923828125,0.0032674074172973633,478.33795166015625,353.1623840332031,0.0008675754070281982,485.5992431640625,396.232177734375,0.0004940032958984375,509.9573669433594,412.7901611328125,0.0016742348670959473,532.7685546875,424.47906494140625,0.21535086631774902,495.69970703125,297.2159118652344,0.9999969005584717,523.5345458984375,280.2945861816406,0.9999990463256836,548.5043334960938,299.1241760253906,0.9999995827674866,567.9536743164062,363.596923828125,0.9999892115592957
204,494.0798645019531,416.1221923828125,0.0008013546466827393,478.33795166015625,353.1623840332031,0.000705420970916748,486.07440185546875,392.69366455078125,0.005077660083770752,510.5251770019531,412.0274353027344,0.21114185452461243,532.2939453125,423.79058837890625,0.9967370629310608,495.69970703125,297.2459716796875,0.9999985694885254,523.8865966796875,281.6847229003906,0.9999992847442627,548.723876953125,299.27099609375,0.9999996423721313,568.4528198242188,364.5368347167969,0.9999842047691345
205,494.6651916503906,416.166259765625,0.16216915845870972,478.33795166015625,353.1623840332031,0.0075022876262664795,486.07440185546875,392.69366455078125,0.0030296146869659424,509.9573669433594,412.7901611328125,0.041046351194381714,532.0515747070312,424.47906494140625,0.6166579127311707,495.6891174316406,297.2459716796875,0.9999964237213135,524.0230712890625,281.842529296875,0.9999986886978149,549.2942504882812,299.3484802246094,0.9999997615814209,568.6904907226562,364.69085693359375,0.999988317489624
206,494.9136962890625,415.2825622558594,0.1547023057937622,478.33795166015625,353.1623840332031,0.006681650876998901,486.07440185546875,392.69366455078125,0.001675635576248169,509.9573669433594,412.1278381347656,0.0032406747341156006,532.2939453125,426.2013854980469,0.6477679014205933,495.69970703125,298.33978271484375,0.9999978542327881,524.1181640625,282.43463134765625,0.9999982714653015,549.3753051757812,300.671630859375,0.9999993443489075,568.8714599609375,365.2445983886719,0.999984860420227
207,495.0107727050781,406.3063659667969,0.001119464635848999,477.8443298339844,353.64398193359375,0.17805001139640808,486.07440185546875,392.69366455078125,0.0024287402629852295,509.9573669433594,412.1278381347656,0.03326860070228577,532.0515747070312,426.2013854980469,0.9903309941291809,495.8768310546875,298.4747009277344,0.9999963045120239,524.0230712890625,282.486572265625,0.9999970197677612,549.3753051757812,300.9559020996094,0.9999996423721313,568.8714599609375,366.69403076171875,0.9999898672103882
208,495.0550231933594,415.2825622558594,0.007643759250640869,477.8443298339844,359.3349304199219,0.0009216368198394775,490.42431640625,370.19482421875,0.0004462301731109619,508.44622802734375,418.7715148925781,0.053958773612976074,532.259765625,432.5194396972656,0.9136980772018433,495.8768310546875,298.6939697265625,0.9999987483024597,524.0230712890625,282.940673828125,0.9999977350234985,549.4241333007812,300.9760437011719,0.9999995231628418,569.14697265625,367.4711608886719,0.9999861717224121
209,497.6583557128906,415.2825622558594,0.0007718205451965332,495.2608947753906,359.7990417480469,0.3248726725578308,490.42431640625,370.19482421875,0.0007493793964385986,508.44622802734375,420.8511962890625,0.006722480058670044,532.259765625,434.1855773925781,0.9618049263954163,496.093994140625,299.2620544433594,0.9999974966049194,523.6535034179688,285.08355712890625,0.9999915361404419,549.3753051757812,302.38482666015625,0.9999996423721313,569.14697265625,368.5115966796875,0.9999947547912598
210,497.6583557128906,415.2825622558594,0.005001813173294067,573.1727905273438,379.66827392578125,0.0008139610290527344,486.4402770996094,397.3443298339844,0.0005683600902557373,508.44622802734375,420.8511962890625,0.001632004976272583,532.259765625,434.7705993652344,0.9916986227035522,496.093994140625,301.57647705078125,0.9999984502792358,523.0475463867188,286.689697265625,0.9999955296516418,549.3683471679688,302.5220947265625,0.9999997019767761,568.6652221679688,369.61181640625,0.9999861717224121
211,497.6224060058594,414.7381896972656,0.001209557056427002,573.1727905273438,380.0834045410156,0.0013623237609863281,485.2024230957031,407.0015869140625,0.0016844868659973145,507.0103454589844,420.8511962890625,0.7086319327354431,531.3121948242188,434.7705993652344,0.9998981952667236,496.093994140625,306.56549072265625,0.9999998211860657,523.0475463867188,288.833251953125,0.9999994039535522,549.0440063476562,303.66680908203125,0.9999992847442627,568.44287109375,372.8074951171875,0.9999889135360718
212,497.6224060058594,414.7381896972656,0.002750992774963379,573.1727905273438,380.16595458984375,0.0016763806343078613,485.2024230957031,407.1669006347656,0.017149507999420166,506.748046875,420.8511962890625,0.3797447085380554,531.88037109375,434.7705993652344,0.9994429349899292,496.0945129394531,306.9184265136719,0.9999991655349731,522.9566040039062,289.70709228515625,0.9999986886978149,548.3970947265625,304.3240661621094,0.9999992251396179,567.6095581054688,373.4380187988281,0.9999916553497314
213,497.6224060058594,414.7381896972656,0.003323495388031006,463.80426025390625,402.9358215332031,0.22165971994400024,481.61065673828125,411.409912109375,0.7311224937438965,506.653564453125,421.962158203125,0.9905905723571777,531.3121948242188,434.64569091796875,0.9998818635940552,496.4194641113281,307.97430419921875,1.0,522.810791015625,289.7531433105469,0.9999997019767761,548.3970947265625,304.43365478515625,0.9999998211860657,567.6095581054688,374.32708740234375,0.9999918937683105
214,497.6224060058594,414.7381896972656,0.0019875168800354004,463.80426025390625,402.9358215332031,0.008335590362548828,481.61065673828125,412.6521301269531,0.005868494510650635,506.653564453125,421.97259521484375,0.017602235078811646,529.4078979492188,434.64569091796875,0.9940426349639893,496.4194641113281,309.5540466308594,0.9999998807907104,522.9410400390625,290.9626159667969,0.9999996423721313,548.3970947265625,306.4428405761719,0.9999998807907104,568.44287109375,374.95867919921875,0.9999810457229614
215,570.5155029296875,376.568359375,0.03241157531738281,463.80426025390625,402.9358215332031,0.0012047886848449707,485.2024230957031,407.1669006347656,0.03884628415107727,506.1126403808594,421.97259521484375,0.20064708590507507,529.4078979492188,434.64569091796875,0.9973782300949097,496.7363586425781,309.8869323730469,0.9999998807907104,522.9566040039062,291.85595703125,0.9999998211860657,549.624755859375,306.65228271484375,0.9999998807907104,568.4574584960938,375.16888427734375,0.9996719360351562
216,570.5155029296875,376.568359375,0.0014641284942626953,460.7451477050781,402.9358215332031,0.0010567307472229004,484.64849853515625,412.6521301269531,0.0018649697303771973,506.046142578125,423.2070007324219,0.6932981014251709,530.0675048828125,434.8074951171875,0.9998506307601929,496.6934509277344,310.140869140625,0.9999998807907104,522.9566040039062,292.093017578125,0.9999998211860657,549.8233642578125,307.0234375,0.9999998807907104,569.2313842773438,375.4374694824219,0.9998853206634521
217,500.333984375,416.8094787597656,0.0019720792770385742,526.1622924804688,379.8970642089844,0.0016655325889587402,495.6382751464844,412.6521301269531,0.0013146698474884033,506.1126403808594,424.1729736328125,0.053903669118881226,530.0675048828125,435.3497619628906,0.9883227944374084,496.4194641113281,311.7917785644531,0.9999995827674866,522.9410400390625,292.7810974121094,0.9999996423721313,549.8233642578125,307.0234375,0.9999999403953552,569.2313842773438,375.4374694824219,0.9999831914901733
218,500.333984375,418.3992614746094,0.029027283191680908,572.791259765625,379.8849182128906,0.005516260862350464,495.6382751464844,411.313720703125,0.038367658853530884,507.80462646484375,427.0881042480469,0.8325389623641968,531.5064086914062,438.9278564453125,0.9959386587142944,495.8554382324219,312.8013000488281,0.9999977946281433,522.9410400390625,293.19732666015625,0.9999997615814209,549.624755859375,307.5469970703125,0.9999994039535522,568.6976928710938,377.6278381347656,0.9995931386947632
219,498.7169189453125,419.9442443847656,0.0038611292839050293,526.1622924804688,379.8970642089844,0.0005586147308349609,486.31402587890625,411.313720703125,0.0004987120628356934,507.80462646484375,427.0881042480469,0.00466763973236084,531.844970703125,439.3114318847656,0.9443725347518921,496.6934509277344,312.8306579589844,0.9999996423721313,523.130615234375,295.648681640625,0.9999992847442627,549.624755859375,309.3891296386719,0.9999999403953552,568.6976928710938,378.6913757324219,0.9998475909233093
220,498.7169189453125,419.9442443847656,0.0017032027244567871,526.1622924804688,378.974365234375,0.0008941292762756348,486.31402587890625,411.313720703125,0.001091986894607544,509.2933044433594,426.9793395996094,0.010822713375091553,532.0706176757812,439.8666076660156,0.963333010673523,496.1035461425781,314.89178466796875,0.9999983310699463,523.130615234375,295.8589782714844,0.9999985098838806,549.484130859375,309.9872741699219,0.9999997615814209,569.1748046875,380.54571533203125,0.9996785521507263
221,496.8047790527344,421.9781799316406,0.0022644400596618652,572.330078125,378.974365234375,0.00465548038482666,513.1708374023438,379.989501953125,0.06565886735916138,510.58209228515625,424.1729736328125,0.47958558797836304,533.233154296875,440.4830017089844,0.9973364472389221,496.1035461425781,315.5817565917969,0.9999993443489075,523.8317260742188,295.97900390625,0.9999997615814209,549.484130859375,310.7471008300781,0.9999994039535522,569.1748046875,381.1979675292969,0.9996724128723145
222,496.21533203125,432.06060791015625,0.0013509094715118408,572.330078125,378.974365234375,0.0007092654705047607,571.3182373046875,379.989501953125,0.0007713735103607178,510.58209228515625,426.9793395996094,0.0014295578002929688,531.844970703125,440.6646728515625,0.016799867153167725,496.37249755859375,316.4557189941406,0.9999984502792358,523.8317260742188,298.1409912109375,0.9999980926513672,549.6546630859375,313.8438415527344,0.9999996423721313,569.5360717773438,382.97686767578125,0.9952325224876404
223,496.21533203125,432.06060791015625,0.0014473795890808105,572.330078125,394.597900390625,0.0007555484771728516,571.3182373046875,379.989501953125,0.000762939453125,533.3070068359375,319.97344970703125,0.0013405978679656982,531.844970703125,447.31549072265625,0.03264006972312927,496.37249755859375,316.95343017578125,0.9999995231628418,523.8317260742188,299.8650817871094,0.9999925494194031,549.6546630859375,315.0343322753906,0.999999463558197,569.5997924804688,383.0089111328125,0.9994512796401978
224,484.35302734375,447.87274169921875,0.030911296606063843,572.5380859375,394.597900390625,0.0031242966651916504,571.3182373046875,379.1274719238281,0.001037508249282837,533.3070068359375,319.97344970703125,0.013316422700881958,529.722900390625,451.381103515625,0.03886905312538147,496.37249755859375,318.3360900878906,0.9999980926513672,524.2053833007812,300.3534240722656,0.9999884963035583,549.7421875,315.0623474121094,0.9999241828918457,570.4258422851562,387.890380859375,0.9986733198165894
225,484.35302734375,447.87274169921875,0.0010769367218017578,572.5538940429688,395.0044250488281,0.0012905597686767578,569.4360961914062,379.1274719238281,0.0007984042167663574,533.3070068359375,319.6070861816406,0.0010112524032592773,529.722900390625,452.4736022949219,0.05214032530784607,496.7803955078125,320.9096984863281,0.9999996423721313,524.2053833007812,301.3023376464844,0.9999974966049194,549.7421875,316.8164367675781,0.9999994039535522,570.4258422851562,388.8411865234375,0.9988187551498413
226,484.35302734375,448.2669982910156,0.027295291423797607,572.5538940429688,394.597900390625,0.0009142756462097168,518.9697875976562,379.1274719238281,0.0015359222888946533,502.62359619140625,443.3194274902344,0.002363234758377075,529.2778930664062,453.7919921875,0.5697928071022034,496.7803955078125,321.6181945800781,0.9999998211860657,525.240966796875,303.8729553222656,0.9999980926513672,550.2286987304688,317.66302490234375,0.9999983310699463,571.0852661132812,389.30218505859375,0.9998236298561096
227,571.1813354492188,392.57818603515625,0.0012937486171722412,572.5538940429688,394.597900390625,0.0008584558963775635,518.9697875976562,395.4252014160156,0.0011686980724334717,533.3070068359375,334.4166259765625,0.0007904767990112305,529.722900390625,453.7919921875,0.15568962693214417,497.02191162109375,326.5887451171875,0.9999998807907104,525.2789916992188,305.5637512207031,0.9999997615814209,550.2286987304688,323.0018310546875,0.9999997615814209,571.1707763671875,392.26800537109375,0.9999001026153564
228,569.3612670898438,391.9719543457031,0.004989176988601685,572.296875,395.33380126953125,0.0008900463581085205,518.6286010742188,395.4252014160156,0.002968311309814453,502.62359619140625,443.3194274902344,0.030898839235305786,530.3221435546875,454.4313659667969,0.34715962409973145,497.5084228515625,326.98809814453125,0.9999998807907104,525.6224975585938,309.5624694824219,0.9999997615814209,550.9219360351562,325.6854248046875,0.9999998211860657,572.03076171875,392.9356384277344,0.9996873736381531
229,569.3612670898438,391.9719543457031,0.0015376806259155273,499.77734375,395.33380126953125,0.0013696849346160889,487.45391845703125,432.6236572265625,0.0011208951473236084,501.0501708984375,451.0108337402344,0.0012637674808502197,530.3221435546875,460.57861328125,0.041308701038360596,498.1546630859375,329.6085205078125,0.9999992251396179,526.7371215820312,310.1411437988281,0.9999992847442627,552.0970458984375,326.5680847167969,0.999999463558197,572.4932861328125,398.9980773925781,0.99928879737854
230,479.049560546875,456.7943420410156,0.0017427802085876465,466.6694030761719,408.446044921875,0.004389137029647827,481.7098693847656,433.796875,0.2666552662849426,498.2972106933594,452.15380859375,0.11022195219993591,529.2778930664062,461.8759765625,0.7738127708435059,498.66632080078125,331.7714538574219,0.999998927116394,529.5830688476562,315.0458068847656,0.9999994039535522,552.1539306640625,330.6700439453125,0.9999995231628418,573.01611328125,400.07830810546875,0.9999592304229736
231,569.1510009765625,406.7416687011719,0.00451311469078064,462.06085205078125,408.7340087890625,0.0011042356491088867,484.8305969238281,433.88751220703125,0.0040856897830963135,499.03460693359375,452.4322509765625,0.5728356838226318,527.80615234375,463.082763671875,0.8539574146270752,498.82989501953125,332.7325744628906,0.9999995231628418,530.237548828125,315.20904541015625,0.9999997019767761,554.7366943359375,330.9498291015625,0.9999944567680359,573.330322265625,405.795654296875,0.9991413354873657
232,479.9891357421875,456.7943420410156,0.24354836344718933,462.06085205078125,408.7340087890625,0.0032951533794403076,481.7098693847656,436.1488342285156,0.0006700456142425537,497.5112609863281,453.0736999511719,0.09982672333717346,525.4855346679688,465.59130859375,0.9781912565231323,498.82989501953125,335.4855041503906,0.9999997615814209,530.5179443359375,322.21917724609375,0.9999998211860657,555.1920776367188,337.3941345214844,0.9999996423721313,573.5489501953125,410.02996826171875,0.9991200566291809
233,479.9891357421875,458.1793212890625,0.0028236806392669678,462.06085205078125,408.446044921875,0.016720563173294067,477.95989990234375,437.5516662597656,0.08676829934120178,497.22930908203125,457.29376220703125,0.05975842475891113,524.2507934570312,472.6303405761719,0.09841987490653992,499.8969421386719,337.0573425292969,0.9999999403953552,530.7947387695312,324.9267883300781,1.0,555.1920776367188,340.5953369140625,0.9999990463256836,574.17138671875,414.3470764160156,0.9997992515563965
234,479.9891357421875,461.5177307128906,0.002631932497024536,461.42852783203125,408.7340087890625,0.012364447116851807,477.3958435058594,443.451904296875,0.09659779071807861,495.1017761230469,458.7809753417969,0.4051705598831177,524.2507934570312,474.18682861328125,0.9775786995887756,502.1235656738281,339.37188720703125,0.9999998807907104,530.9803466796875,329.14385986328125,0.9999986886978149,555.1920776367188,342.0515441894531,0.9999051690101624,575.2769775390625,421.00531005859375,0.9994378089904785
235,481.15960693359375,464.80340576171875,0.002636045217514038,474.98828125,411.06451416015625,0.0005475878715515137,477.95989990234375,448.9892272949219,0.10903757810592651,495.1017761230469,463.19256591796875,0.8700952529907227,524.2507934570312,481.4324951171875,0.825230598449707,503.835205078125,341.5037536621094,0.9999997019767761,534.2529296875,334.2160949707031,0.9999878406524658,555.5110473632812,345.57666015625,0.9987330436706543,576.4379272460938,423.4580993652344,0.9994280934333801
236,481.15960693359375,465.337158203125,0.004080146551132202,474.98828125,411.06451416015625,0.007925719022750854,475.635498046875,455.690185546875,0.23289746046066284,495.1017761230469,472.3807373046875,0.9575337767601013,524.2507934570312,486.62811279296875,0.964026689529419,507.8183288574219,345.2835693359375,0.9999946355819702,539.0806884765625,340.0760803222656,0.9999984502792358,564.977294921875,353.74493408203125,0.999954342842102,576.4379272460938,423.4580993652344,0.6687000393867493
237,483.7755432128906,467.9319152832031,0.007670342922210693,469.6760559082031,421.2614440917969,0.001517176628112793,477.95989990234375,456.8516540527344,0.9455843567848206,501.78143310546875,472.5997314453125,0.9983682632446289,534.0908203125,488.13189697265625,0.9784435629844666,508.87042236328125,350.8314208984375,0.9999959468841553,544.8435668945312,344.125244140625,0.9999978542327881,569.6587524414062,359.06689453125,0.9999952912330627,577.809326171875,429.5434875488281,0.9997718930244446
238,490.94183349609375,467.9319152832031,0.0014585256576538086,467.9783630371094,452.98095703125,0.01746290922164917,480.7740173339844,460.6155090332031,0.9845806956291199,502.28314208984375,474.3355407714844,0.9288183450698853,539.966064453125,490.6849365234375,0.5850478410720825,508.87042236328125,355.3766784667969,0.9999874830245972,546.254150390625,358.5135803222656,0.9998804330825806,577.4922485351562,373.6912841796875,0.9999946355819702,579.7030029296875,429.5434875488281,0.000470966100692749
239,497.4143981933594,467.9319152832031,0.00025787949562072754,467.9783630371094,454.1785888671875,0.0013072192668914795,490.5635070800781,461.466796875,0.30559447407722473,515.5516967773438,478.91534423828125,0.032172948122024536,552.858154296875,494.1760559082031,0.008091717958450317,515.08740234375,363.2725830078125,0.9979124665260315,550.6732177734375,368.7938232421875,0.7737334966659546,582.2055053710938,383.6667175292969,0.9736596941947937,579.7030029296875,403.29736328125,9.295344352722168e-05
240,500.5673828125,472.0037841796875,0.0005974471569061279,467.9783630371094,456.40057373046875,0.9418861865997314,492.80859375,466.4986572265625,0.9965487122535706,521.4281005859375,478.91534423828125,0.4631235897541046,554.6209106445312,494.1760559082031,0.15161186456680298,520.904541015625,381.27880859375,0.8592257499694824,554.9374389648438,372.84075927734375,0.9995372295379639,586.9884643554688,385.3308410644531,0.9999985694885254,581.2955932617188,403.29736328125,0.0064345598220825195
241,501.20556640625,481.6914978027344,0.000617295503616333,469.6760559082031,461.0681457519531,0.9999286532402039,493.1966247558594,472.13653564453125,0.9997245073318481,521.781982421875,478.91534423828125,0.228472501039505,554.7586669921875,494.1760559082031,0.0954987108707428,529.7200927734375,388.4993896484375,0.9599887132644653,562.7518310546875,378.4310607910156,0.9992464780807495,591.8987426757812,388.96600341796875,0.9997170567512512,581.2955932617188,403.29736328125,0.0003814399242401123
242,507.1133728027344,481.6914978027344,0.000176161527633667,475.1555480957031,471.8815612792969,0.8461906909942627,498.3525695800781,482.5143737792969,0.5781984329223633,544.7333984375,482.01275634765625,0.000315248966217041,586.5867309570312,486.2733154296875,0.0001208186149597168,548.9758911132812,397.9878845214844,0.42251476645469666,575.8406982421875,392.4068603515625,0.9299123287200928,600.1925048828125,398.83843994140625,0.9960426092147827,596.3917236328125,403.29736328125,5.4836273193359375e-05
243,507.1133728027344,481.6914978027344,0.0015537738800048828,482.4063415527344,475.05908203125,0.3632975220680237,499.0453186035156,482.5143737792969,0.011057615280151367,557.2747802734375,495.0486145019531,0.0001849830150604248,616.6917724609375,481.12640380859375,0.00018930435180664062,558.9378051757812,397.9878845214844,0.9126468896865845,576.1138305664062,397.3712463378906,0.6866805553436279,608.1636962890625,405.1328125,0.9930008053779602,620.5300903320312,436.5804748535156,8.538365364074707e-05
244,632.0614013671875,489.2519836425781,0.00015303492546081543,494.4371337890625,475.65399169921875,0.003751784563064575,522.4576416015625,485.4757080078125,0.003770202398300171,561.3169555664062,532.8386840820312,0.0018930137157440186,621.5828247070312,481.12640380859375,0.0009246170520782471,565.0140991210938,409.20733642578125,0.010532796382904053,593.9150390625,421.7658386230469,0.0006386637687683105,614.4215087890625,419.8484191894531,0.8114553689956665,638.4234008789062,458.38751220703125,0.9989265203475952
245,650.177001953125,487.17401123046875,0.00048801302909851074,520.6520385742188,489.5023193359375,0.0005105137825012207,538.9342041015625,508.7496643066406,0.00022432208061218262,561.3169555664062,532.8386840820312,0.0009705722332000732,649.3487548828125,486.2733154296875,0.000536113977432251,579.397705078125,419.3245849609375,0.8490779399871826,594.1190795898438,422.56817626953125,0.005230754613876343,645.99853515625,467.853759765625,0.057259052991867065,644.329345703125,474.2607116699219,0.9985392689704895
246,665.15625,487.17401123046875,0.000476837158203125,529.367919921875,497.4028015136719,0.7245635390281677,547.5364990234375,514.5599365234375,0.0021871328353881836,561.3169555664062,532.8386840820312,0.002210170030593872,664.0625610351562,493.32269287109375,0.0009638071060180664,601.11767578125,443.2690124511719,0.0010045170783996582,632.7449340820312,449.7195129394531,0.05302205681800842,657.8921508789062,484.3813171386719,0.8997713327407837,650.6943969726562,503.06085205078125,0.9998139142990112
247,665.15625,487.17401123046875,0.000525057315826416,533.245849609375,516.3740844726562,0.0006898641586303711,554.3001708984375,531.6648559570312,0.00048470497131347656,571.8403930664062,559.305419921875,0.0003873109817504883,664.42529296875,494.2389221191406,0.0006704628467559814,608.8441162109375,447.9834899902344,0.4033307731151581,639.831787109375,449.98052978515625,0.12005150318145752,665.9868774414062,496.61944580078125,0.9691641330718994,668.8038940429688,509.9734191894531,0.9713826775550842
248,665.15625,487.17401123046875,0.0008768141269683838,533.245849609375,542.73291015625,0.9157747626304626,554.3001708984375,553.6643676757812,0.11593097448348999,577.7759399414062,567.2241821289062,0.0010357797145843506,664.42529296875,494.2389221191406,0.0010745227336883545,612.1229248046875,460.20465087890625,0.9993140697479248,640.7437133789062,457.9540100097656,0.9999736547470093,671.9047241210938,502.0776672363281,0.9804331064224243,673.4110717773438,515.8270874023438,0.9956117868423462
249,650.3779296875,462.4458923339844,0.0017259418964385986,537.4364624023438,552.8160400390625,0.9999371767044067,558.404541015625,553.6643676757812,0.993118166923523,652.9579467773438,507.9261779785156,0.7909981608390808,664.42529296875,494.2389221191406,0.001746058464050293,612.1229248046875,460.20465087890625,0.9999767541885376,640.7437133789062,457.9540100097656,0.9999786615371704,676.0767822265625,508.8470764160156,0.9563045501708984,677.2499389648438,515.8270874023438,0.999940037727356
250,650.159423828125,462.4458923339844,0.002044171094894409,537.4364624023438,560.051025390625,0.9935073852539062,558.404541015625,553.6643676757812,0.7990699410438538,649.691650390625,507.9261779785156,0.01420140266418457,649.8251953125,459.66448974609375,0.0023669004440307617,613.6466674804688,463.59197998046875,0.9999960660934448,643.9564819335938,461.93243408203125,0.9999958276748657,677.9105834960938,513.148193359375,0.9942871928215027,679.4923095703125,519.5281982421875,0.9988667368888855
251,625.0912475585938,462.4458923339844,0.0017254054546356201,546.4255981445312,563.57373046875,0.1032508909702301,568.2119140625,568.4342041015625,0.0015516877174377441,649.6235961914062,480.2839660644531,0.0015884339809417725,649.8251953125,459.66448974609375,0.0019131898880004883,614.8562622070312,467.1531982421875,0.9999994039535522,645.3798828125,466.3050231933594,0.9999990463256836,678.0733642578125,514.3972778320312,0.9929044842720032,681.4323120117188,520.9773559570312,0.9954973459243774
252,650.159423828125,477.31396484375,0.00822266936302185,549.364013671875,563.57373046875,0.10231435298919678,649.4373168945312,525.5110473632812,0.0016431808471679688,649.691650390625,480.248046875,0.0020277202129364014,649.8251953125,459.66448974609375,0.0009601414203643799,617.4446411132812,472.0032043457031,0.9999860525131226,646.4205932617188,470.7557373046875,0.9999983310699463,678.6873779296875,515.4296264648438,0.9992183446884155,682.1585693359375,522.7713012695312,0.9453297257423401
253,625.0912475585938,477.31396484375,0.0017216205596923828,552.052978515625,566.36669921875,0.23463398218154907,651.8992919921875,525.4772338867188,0.017890751361846924,649.7642211914062,479.6592102050781,0.002768903970718384,650.681396484375,479.3061828613281,0.0010479986667633057,618.2823486328125,474.6747741699219,0.999991774559021,647.2860717773438,472.0191345214844,0.9999970197677612,678.8271484375,515.5116577148438,0.997296929359436,682.2421875,522.9019165039062,0.9885673522949219
254,625.0912475585938,520.6240234375,0.0010546445846557617,553.5681762695312,569.1934814453125,0.009383946657180786,649.4373168945312,525.5110473632812,0.0014605522155761719,649.691650390625,480.248046875,0.0015260875225067139,680.7100219726562,529.890869140625,0.000702977180480957,620.7608032226562,475.2130432128906,0.9999656677246094,647.4908447265625,474.0484313964844,0.9999960660934448,679.0105590820312,515.6103515625,0.9919271469116211,682.3676147460938,523.2537231445312,0.9935770034790039
255,625.0912475585938,520.6240234375,0.0012182295322418213,555.01953125,578.9700927734375,0.017592817544937134,574.1766357421875,581.356689453125,0.0014818906784057617,649.7642211914062,479.6592102050781,0.001740872859954834,680.7100219726562,529.890869140625,0.0006880462169647217,620.7608032226562,476.2831115722656,0.9999837279319763,648.4351806640625,474.4183654785156,0.9999872446060181,678.8271484375,515.6103515625,0.9983259439468384,683.020263671875,523.612548828125,0.9783480167388916
256,683.8922119140625,520.7955932617188,0.0011626183986663818,559.6156005859375,580.105712890625,0.9998723268508911,575.4925537109375,588.7127685546875,0.9932793378829956,649.7825317382812,479.6747741699219,0.0013121962547302246,680.7100219726562,529.890869140625,0.0009048581123352051,620.7608032226562,477.5306396484375,0.9999270439147949,649.0123291015625,474.7999572753906,0.9999860525131226,678.8271484375,516.782958984375,0.9984451532363892,683.0490112304688,523.9869995117188,0.9765506982803345
257,623.1358642578125,521.1279296875,0.007360726594924927,558.1001586914062,580.6155395507812,0.9973750114440918,574.9412231445312,590.856689453125,0.4837583005428314,649.7825317382812,479.6747741699219,0.0010199248790740967,680.8547973632812,529.4098510742188,0.0007606446743011475,620.0838012695312,477.90106201171875,0.9998278617858887,649.794677734375,475.3890380859375,0.9999797344207764,678.8507690429688,517.5592651367188,0.9986242055892944,683.322998046875,524.7094116210938,0.9820573925971985
258,684.0216674804688,521.1279296875,0.0017032623291015625,559.6156005859375,581.5634155273438,0.9496433734893799,574.9412231445312,590.9136962890625,0.030901968479156494,650.2720947265625,479.6747741699219,0.0021930336952209473,680.9918212890625,529.4098510742188,0.0011644363403320312,620.0838012695312,479.0814208984375,0.9999892115592957,649.925537109375,476.03265380859375,0.9999899864196777,678.5697021484375,517.7042846679688,0.9978358745574951,683.322998046875,525.0225219726562,0.9847509860992432
259,600.0263061523438,586.171142578125,0.002478271722793579,559.79345703125,581.5634155273438,0.9999615550041199,575.4925537109375,590.9136962890625,0.9919555187225342,650.2720947265625,479.6747741699219,0.0012940168380737305,681.4276123046875,528.8356323242188,0.0011394917964935303,619.9193115234375,479.9470520019531,0.999992847442627,650.7152709960938,477.10491943359375,0.9999870657920837,678.5697021484375,517.9718017578125,0.9982428550720215,683.0490112304688,525.31640625,0.9838969707489014
260,600.0263061523438,586.171142578125,0.0015755295753479004,560.93798828125,582.8408203125,0.8559857606887817,576.484130859375,590.9136962890625,0.06427279114723206,649.7825317382812,523.2210083007812,0.0010512173175811768,681.9737548828125,529.4098510742188,0.0010825395584106445,619.7192993164062,481.8136901855469,0.9999781847000122,650.7708129882812,477.8542175292969,0.9999650716781616,678.8507690429688,520.226318359375,0.9960988759994507,683.009765625,526.5736083984375,0.9934581518173218
261,600.0263061523438,588.4854125976562,0.006720364093780518,561.5255737304688,582.8408203125,0.9971960783004761,581.2784423828125,590.9136962890625,0.6308149099349976,613.018310546875,589.912109375,0.0015340745449066162,682.4432373046875,545.6849975585938,0.0009538531303405762,619.7192993164062,485.01824951171875,0.9999988079071045,650.8745727539062,479.8155517578125,0.9999955296516418,678.9063720703125,520.7531127929688,0.9991658926010132,683.009765625,527.5095825195312,0.9929025173187256
262,601.34765625,588.4854125976562,0.08503425121307373,565.9110717773438,585.01171875,0.999049186706543,581.2784423828125,590.9722290039062,0.9705260396003723,613.018310546875,589.912109375,0.02265453338623047,682.4432373046875,595.1392211914062,0.001978963613510132,620.73486328125,486.63922119140625,0.999995768070221,650.8745727539062,481.2071228027344,0.9999949932098389,679.5902099609375,521.86669921875,0.999272346496582,683.009765625,528.8854370117188,0.993787407875061
263,601.34765625,588.4854125976562,0.013011127710342407,566.0897827148438,582.8184814453125,0.9426592588424683,582.8829956054688,588.5891723632812,0.04033863544464111,613.018310546875,589.912109375,0.0025787651538848877,681.9737548828125,594.269287109375,0.0023270249366760254,620.73486328125,486.792724609375,0.9999912977218628,651.7000122070312,482.55853271484375,0.9999983310699463,679.7994384765625,522.3309936523438,0.9995949268341064,683.3394165039062,530.68896484375,0.9911291599273682
264,626.4966430664062,538.6539916992188,0.0011157989501953125,566.507568359375,585.01171875,0.9825353026390076,582.8829956054688,590.9722290039062,0.06472095847129822,613.018310546875,589.912109375,0.0010366439819335938,682.4432373046875,594.269287109375,0.002630859613418579,622.2306518554688,487.0674133300781,0.9999988079071045,652.0028076171875,482.9906311035156,0.9999986290931702,679.962158203125,522.7822265625,0.9982956647872925,691.9849853515625,615.7683715820312,0.9940457344055176
265,683.8960571289062,538.0809326171875,0.001253277063369751,568.2203369140625,582.8184814453125,0.01878643035888672,586.9821166992188,588.5891723632812,0.0017864406108856201,615.1010131835938,589.5984497070312,0.026637285947799683,634.1024780273438,595.1392211914062,0.019411683082580566,622.3113403320312,487.3401184082031,0.9999961853027344,652.5969848632812,483.9761047363281,0.9999990463256836,680.9828491210938,523.3759765625,0.9978491067886353,693.2893676757812,615.7683715820312,0.997227132320404
266,684.276123046875,538.0453491210938,0.0013353526592254639,568.2203369140625,585.01171875,0.9997514486312866,586.9821166992188,593.6480102539062,0.9874938130378723,680.072021484375,539.6839599609375,0.0018001198768615723,634.1024780273438,594.269287109375,0.0020900368690490723,622.3113403320312,489.0796813964844,0.9999827146530151,653.0431518554688,486.1488342285156,0.9999986290931702,680.9828491210938,523.640380859375,0.9997615814208984,693.9956665039062,615.7683715820312,0.995517909526825
267,684.323974609375,538.0453491210938,0.0015559792518615723,605.2885131835938,537.794189453125,0.004719674587249756,647.5109252929688,539.993896484375,0.0018207728862762451,622.0059204101562,589.5984497070312,0.0019206404685974121,682.432861328125,546.1883544921875,0.0026961863040924072,624.1016235351562,490.09649658203125,0.9999809861183167,653.0431518554688,486.8513488769531,0.9999983310699463,681.1148681640625,524.8403930664062,0.9992308020591736,694.119140625,616.30517578125,0.9933993816375732
268,684.323974609375,538.0453491210938,0.001703500747680664,602.9149780273438,537.794189453125,0.9999316930770874,680.9251708984375,540.2037353515625,0.8596154451370239,680.072021484375,540.0306396484375,0.0014202892780303955,682.432861328125,546.1607666015625,0.0018585622310638428,624.1016235351562,490.28790283203125,0.9999890327453613,652.5969848632812,487.6365051269531,0.9999974966049194,680.9828491210938,525.7213134765625,0.9992448091506958,694.119140625,616.30517578125,0.9987591505050659
269,684.323974609375,537.614990234375,0.0017124414443969727,610.5210571289062,537.794189453125,0.0020867586135864258,681.9028930664062,540.2037353515625,0.0020349621772766113,680.12646484375,540.008544921875,0.0020807087421417236,682.2926635742188,546.1607666015625,0.0012549757957458496,624.1016235351562,493.9257507324219,0.9999306201934814,652.20703125,488.2113342285156,0.9999967813491821,680.32568359375,528.3294067382812,0.9998904466629028,693.9956665039062,615.526611328125,0.9892220497131348
270,624.2837524414062,537.614990234375,0.005344599485397339,683.9256591796875,537.828125,0.004276454448699951,681.917236328125,540.2037353515625,0.0020900368690490723,680.12646484375,540.0306396484375,0.0012053251266479492,682.432861328125,545.9828491210938,0.0012775063514709473,623.7976684570312,494.474365234375,0.9999673366546631,652.20703125,488.7765197753906,0.9999864101409912,680.32568359375,529.97021484375,0.9994813799858093,694.3116455078125,616.30517578125,0.8504253625869751
271,612.1153564453125,595.0516967773438,0.0015208125114440918,683.9256591796875,537.828125,0.0023385286331176758,681.9402465820312,539.993896484375,0.002396106719970703,622.0087280273438,593.3626098632812,0.001229315996170044,682.2926635742188,545.9828491210938,0.014773160219192505,622.7127075195312,495.5167236328125,0.9999949336051941,652.20703125,489.5867004394531,0.9999841451644897,680.9647827148438,530.0885620117188,0.9988332986831665,685.7234497070312,540.7320556640625,0.9213252067565918
272,608.3395385742188,604.0223999023438,0.005995362997055054,604.7107543945312,537.8876342773438,0.0014599859714508057,682.3006591796875,540.2037353515625,0.0016764998435974121,680.9022216796875,540.0306396484375,0.006475299596786499,682.1481323242188,545.72900390625,0.0012090802192687988,622.4965209960938,497.9596862792969,0.999994158744812,651.82861328125,492.8548583984375,0.999991238117218,680.32080078125,532.5406494140625,0.9999901056289673,685.7234497070312,540.7320556640625,0.5298988819122314
273,606.9574584960938,605.51220703125,0.19370612502098083,604.7107543945312,538.1170654296875,0.03549957275390625,682.3006591796875,539.7962036132812,0.002148270606994629,680.6969604492188,540.361572265625,0.18245011568069458,682.1481323242188,546.2939453125,0.37483128905296326,621.3096313476562,498.2464599609375,0.9999905228614807,652.8912353515625,493.4317626953125,0.9999780058860779,680.9647827148438,532.78076171875,0.9999325275421143,685.9270629882812,540.8499755859375,0.43440189957618713
274,606.9574584960938,608.3590698242188,0.017887502908706665,604.7107543945312,537.8876342773438,0.005715817213058472,682.3006591796875,539.7116088867188,0.001194000244140625,622.0087280273438,593.3626098632812,0.0008231103420257568,682.1481323242188,546.2939453125,0.000831305980682373,622.4036865234375,499.21441650390625,0.9999973177909851,653.033203125,495.30633544921875,0.9999852180480957,681.3016967773438,533.3938598632812,0.9980453252792358,685.9270629882812,541.064453125,0.9323664903640747
275,607.760009765625,606.9703979492188,0.1300371289253235,604.7107543945312,537.8876342773438,0.0037462711334228516,647.1339111328125,513.9898681640625,0.001102149486541748,624.5120239257812,593.3626098632812,0.0011010169982910156,643.6231079101562,604.2703857421875,0.0006781816482543945,621.3096313476562,499.8350830078125,0.9999991655349731,653.601806640625,495.720947265625,0.9999942183494568,681.6994018554688,534.223876953125,0.998744785785675,685.7234497070312,541.064453125,0.969344973564148
276,607.056884765625,608.3590698242188,0.009774923324584961,605.25244140625,542.7454223632812,0.0012737810611724854,647.1339111328125,513.9898681640625,0.001827239990234375,680.6969604492188,540.361572265625,0.01007959246635437,655.43994140625,592.49755859375,0.0009832382202148438,622.4036865234375,500.5574645996094,0.9999987483024597,654.218505859375,496.06903076171875,0.9999953508377075,682.3307495117188,536.5806884765625,0.9999490976333618,685.76171875,545.50927734375,0.9346157312393188
277,607.73779296875,609.095703125,0.00217592716217041,605.25244140625,542.7454223632812,0.003484666347503662,647.1339111328125,513.9898681640625,0.003176063299179077,664.88720703125,540.361572265625,0.0012756288051605225,655.43994140625,592.49755859375,0.11111778020858765,622.4036865234375,503.16949462890625,0.9999986886978149,654.2530517578125,498.69873046875,0.9999983310699463,682.6209716796875,536.9970092773438,0.9997882843017578,685.76171875,545.7647094726562,0.9706783294677734
278,607.73779296875,611.4632568359375,0.013522893190383911,605.25244140625,542.7454223632812,0.04917943477630615,647.2496337890625,514.2745971679688,0.0027346014976501465,624.5120239257812,540.2899169921875,0.0006898641586303711,648.5771484375,598.3751831054688,0.004471242427825928,623.7640380859375,505.0700988769531,0.9999955296516418,656.321044921875,499.5190124511719,0.9999990463256836,682.7324829101562,537.3093872070312,0.9998352527618408,685.76171875,546.3869018554688,0.9500948190689087
279,607.73779296875,611.4632568359375,0.282004177570343,605.25244140625,549.1181640625,0.0009450018405914307,648.1805419921875,514.3485107421875,0.0012822747230529785,664.88720703125,540.2899169921875,0.0011619031429290771,648.5771484375,598.3751831054688,0.0005697309970855713,623.7864379882812,505.3399658203125,0.9999653100967407,656.49951171875,500.8711242675781,0.9999995231628418,682.7324829101562,539.9304809570312,0.9998000860214233,686.2846069335938,547.9884643554688,0.8042084574699402
280,607.73779296875,615.7015380859375,0.006565213203430176,607.2750854492188,549.1181640625,0.0010679364204406738,648.8515014648438,514.5136108398438,0.001094520092010498,665.4534912109375,511.154052734375,0.0005702674388885498,655.43994140625,592.49755859375,0.013811081647872925,623.97509765625,507.16864013671875,0.9999564290046692,656.649658203125,502.43780517578125,0.9999990463256836,683.0711059570312,542.0232543945312,0.993239164352417,686.6427612304688,551.2066040039062,0.9965022206306458
281,608.863037109375,616.0947265625,0.004638612270355225,607.5573120117188,549.7806396484375,0.002117633819580078,648.8515014648438,552.4638061523438,0.0021006762981414795,665.4534912109375,509.8799133300781,0.0010225772857666016,648.5771484375,598.3751831054688,0.011278480291366577,623.97509765625,507.4404602050781,0.9999819397926331,656.806396484375,503.9425964355469,0.9999980926513672,683.156982421875,543.6920166015625,0.9985544681549072,687.2592163085938,551.68896484375,0.928923487663269
282,609.6849975585938,616.0947265625,0.006467103958129883,607.773681640625,551.6954345703125,0.04565364122390747,681.0494384765625,555.9472045898438,0.001742243766784668,666.2985229492188,508.7310791015625,0.002451598644256592,648.5771484375,598.3751831054688,0.0010608136653900146,624.0654907226562,509.08209228515625,0.999841570854187,657.574462890625,504.6250915527344,0.999999463558197,683.62158203125,544.5940551757812,0.9988800287246704,687.7637939453125,551.858642578125,0.9497259259223938
283,612.0975952148438,610.9412231445312,0.009912490844726562,608.7218627929688,550.7234497070312,0.10664597153663635,681.0494384765625,555.9472045898438,0.0025046169757843018,667.2409057617188,508.7310791015625,0.0037181079387664795,649.0328979492188,606.026611328125,0.0061837732791900635,624.0654907226562,509.76708984375,0.9999788999557495,657.6520385742188,507.28582763671875,0.9999960660934448,683.9813232421875,545.5177001953125,0.9956623315811157,687.8878784179688,553.2798461914062,0.9786310195922852
284,612.8164672851562,616.0947265625,0.0011394619941711426,608.7218627929688,550.7234497070312,0.001247406005859375,646.1452026367188,552.4638061523438,0.000982910394668579,667.2409057617188,508.62493896484375,0.0024608373641967773,682.3640747070312,562.44921875,0.0009971261024475098,624.9788208007812,511.0347900390625,0.9999843835830688,657.7485961914062,509.2491455078125,0.999998927116394,684.4501342773438,548.4044799804688,0.9999469518661499,688.5294189453125,556.80029296875,0.8382711410522461
285,612.8164672851562,616.3500366210938,0.0014461278915405273,609.532470703125,550.7234497070312,0.002277851104736328,646.1452026367188,533.776123046875,0.0006532669067382812,667.6211547851562,508.62493896484375,0.0018903017044067383,649.0328979492188,606.026611328125,0.0014802813529968262,624.9788208007812,512.5485229492188,0.9999860525131226,658.2177124023438,510.3986511230469,0.9999972581863403,684.855224609375,549.3966064453125,0.999301016330719,688.8060302734375,557.267822265625,0.9601881504058838
286,666.054443359375,551.6082153320312,0.8715598583221436,669.939453125,550.7234497070312,0.0010275840759277344,647.3038330078125,531.2662963867188,0.0006479918956756592,668.0877685546875,508.7310791015625,0.0012121796607971191,682.3640747070312,579.1649169921875,0.0006755292415618896,626.0865478515625,512.5545043945312,0.9999964833259583,659.14111328125,511.5709228515625,0.999998152256012,685.3594970703125,550.7322998046875,0.9998360872268677,689.0484619140625,559.7056884765625,0.8109016418457031
287,612.8164672851562,621.9557495117188,0.007809340953826904,669.8829956054688,501.306884765625,0.000889509916305542,647.3038330078125,531.0108642578125,0.0011401772499084473,668.0877685546875,528.3527221679688,0.0010667741298675537,649.0328979492188,606.026611328125,0.009389340877532959,626.7163696289062,514.7600708007812,0.9999984502792358,659.4028930664062,514.077392578125,0.9999998807907104,686.5010986328125,552.2188720703125,0.9999704957008362,690.3314208984375,562.0131225585938,0.8231569528579712
288,608.8656005859375,622.11083984375,0.0007015466690063477,669.8829956054688,501.306884765625,0.0006876885890960693,647.3038330078125,531.2662963867188,0.0011483728885650635,668.0877685546875,528.3527221679688,0.0011264979839324951,682.3640747070312,579.1649169921875,0.0009042024612426758,627.0867309570312,515.38330078125,0.9999994039535522,660.1759033203125,514.946044921875,0.9999999403953552,687.5398559570312,555.0932006835938,0.9999066591262817,691.1669311523438,563.8953247070312,0.805098295211792
289,607.6981201171875,632.181396484375,0.07165738940238953,669.939453125,501.306884765625,0.000929415225982666,647.6930541992188,531.0108642578125,0.0007207691669464111,665.21435546875,528.3527221679688,0.0012090206146240234,683.111328125,579.1649169921875,0.0031940042972564697,627.564208984375,518.2289428710938,0.9999980926513672,660.51708984375,517.9111938476562,0.9999997615814209,688.1209106445312,555.5270385742188,0.9991641044616699,691.4093627929688,564.5875854492188,0.9903939962387085
290,607.6064453125,632.27734375,0.6698550581932068,669.8829956054688,559.81884765625,0.6297404170036316,655.0154418945312,531.2662963867188,0.002888590097427368,665.21435546875,528.304931640625,0.0010918676853179932,696.99658203125,574.6694946289062,0.0013368427753448486,627.8436279296875,518.3439331054688,0.9999966621398926,661.3778076171875,519.02734375,0.9999998211860657,688.7197265625,559.9286499023438,0.9991686344146729,691.913330078125,566.3858642578125,0.9592726230621338
291,607.6064453125,632.27734375,0.9041872024536133,618.6337890625,559.81884765625,0.0015263259410858154,664.7072143554688,566.302001953125,0.0014731287956237793,665.21435546875,528.0580444335938,0.0019192099571228027,696.99658203125,574.6694946289062,0.0011331737041473389,627.842041015625,519.7094116210938,0.9999986886978149,661.9830322265625,519.4900512695312,0.9999994039535522,688.730712890625,561.810546875,0.9998162388801575,691.9931030273438,570.8180541992188,0.8840240240097046
292,607.6981201171875,635.929931640625,0.4740113317966461,612.318359375,560.3414916992188,0.005320519208908081,666.7033081054688,566.302001953125,0.00141182541847229,665.6481323242188,527.5280151367188,0.0018675029277801514,696.99658203125,574.6694946289062,0.00097694993019104,627.842041015625,522.9345703125,0.9999850392341614,662.135986328125,522.4808959960938,0.9999986886978149,688.7197265625,563.5258178710938,0.9999432563781738,692.6814575195312,572.042724609375,0.7335216999053955
293,609.5855102539062,638.8994140625,0.0010110735893249512,618.6337890625,559.81884765625,0.0030221641063690186,667.13427734375,528.3666381835938,0.0009723305702209473,666.453125,527.5115356445312,0.0012882053852081299,687.2108764648438,574.6694946289062,0.0008184611797332764,629.2625122070312,523.7615356445312,0.9999903440475464,662.4112548828125,524.2113647460938,0.9999988079071045,689.3428344726562,565.5980224609375,0.9999955892562866,693.1685791015625,574.9677124023438,0.33600765466690063
294,610.6514892578125,638.8994140625,0.9609899520874023,618.6337890625,559.81884765625,0.01307860016822815,667.13427734375,544.4348754882812,0.0007724165916442871,667.237060546875,526.7777099609375,0.0010506510734558105,682.3734130859375,574.6694946289062,0.0007216930389404297,629.2625122070312,524.795166015625,0.9999549388885498,662.637451171875,526.5718994140625,0.9999984502792358,689.3428344726562,568.4942626953125,0.9999859929084778,693.1685791015625,578.528076171875,0.7403293251991272
295,611.3464965820312,638.8994140625,0.25015735626220703,668.0191650390625,554.9111328125,0.0006320476531982422,666.7033081054688,544.4348754882812,0.0005910694599151611,667.237060546875,526.7777099609375,0.0009031295776367188,656.9882202148438,523.097412109375,0.0011501908302307129,631.7661743164062,524.8050537109375,0.9989911317825317,662.8267822265625,527.3239135742188,0.9999966621398926,689.6978149414062,569.1224365234375,0.9999943971633911,693.7892456054688,578.7877197265625,0.11136353015899658
296,611.3464965820312,640.436767578125,0.5379029512405396,668.1685791015625,567.095947265625,0.0006245076656341553,663.5220336914062,544.4348754882812,0.0006648898124694824,667.237060546875,526.7777099609375,0.000539630651473999,656.9882202148438,521.8665161132812,0.0010759830474853516,632.096435546875,525.7615356445312,0.9993088841438293,664.6248779296875,527.6468505859375,0.9999951124191284,689.6978149414062,570.6181030273438,0.99994957447052,693.9048461914062,579.5969848632812,0.3326541781425476
297,611.3464965820312,640.436767578125,0.9973728656768799,701.1045532226562,569.3748168945312,0.0005688965320587158,663.5220336914062,544.5648193359375,0.0013313591480255127,665.8572998046875,545.3323974609375,0.0008745789527893066,656.9882202148438,521.8665161132812,0.0016741752624511719,634.5499267578125,527.6767578125,0.9994103908538818,665.0521240234375,530.604248046875,0.9999952912330627,690.8381958007812,572.7232055664062,0.99998939037323,694.33837890625,580.1522827148438,0.472765177488327
298,611.3464965820312,642.5919189453125,0.004764467477798462,701.1928100585938,570.0562744140625,0.0004533827304840088,663.5220336914062,545.3736572265625,0.0017858445644378662,665.8572998046875,545.4503784179688,0.0008897185325622559,657.5477294921875,521.8665161132812,0.0008060634136199951,634.9579467773438,528.5379028320312,0.9999343156814575,666.0427856445312,530.9368896484375,0.9999997019767761,691.5011596679688,572.8447875976562,0.9999825954437256,694.6395263671875,581.2449340820312,0.556598424911499
299,611.3464965820312,642.8892822265625,0.7313035726547241,701.1928100585938,585.4312744140625,0.0006377100944519043,664.1409912109375,545.5625610351562,0.0025118589401245117,665.74755859375,545.4503784179688,0.0012519657611846924,697.46875,592.2329711914062,0.0010802149772644043,635.8458862304688,530.9356079101562,0.9987877607345581,666.3175659179688,533.8574829101562,0.9999991655349731,691.8643188476562,576.3028564453125,0.9999676942825317,695.6038208007812,582.3322143554688,0.27519744634628296
300,613.902587890625,646.3216552734375,0.11579751968383789,701.1928100585938,585.4312744140625,0.0018233954906463623,664.1629638671875,546.1904907226562,0.0026733875274658203,665.8572998046875,545.4503784179688,0.0009122490882873535,697.5125732421875,592.7754516601562,0.0015619099140167236,634.9579467773438,532.9884643554688,0.9999812245368958,667.3029174804688,534.9338989257812,0.9999992847442627,691.9415283203125,577.8267822265625,0.9999850988388062,695.9066772460938,584.5835571289062,0.4271618723869324
301,611.1654663085938,648.5377197265625,0.009058445692062378,700.7443237304688,585.4312744140625,0.000862419605255127,664.585205078125,546.3106689453125,0.0014239251613616943,665.9337158203125,545.4503784179688,0.0011096298694610596,697.5125732421875,592.7754516601562,0.0008018612861633301,637.1494750976562,533.1792602539062,0.9996943473815918,667.3173217773438,535.7930908203125,0.9999995231628418,692.3679809570312,579.081298828125,0.9999979734420776,697.7186279296875,589.66455078125,0.10009044408798218
302,613.902587890625,648.5377197265625,0.0010215342044830322,700.45654296875,585.3333129882812,0.0008428990840911865,664.585205078125,561.2915649414062,0.00077056884765625,698.877197265625,588.3432006835938,0.0006691515445709229,697.8428344726562,592.2329711914062,0.000776827335357666,637.2630615234375,533.83544921875,0.9992772340774536,667.7344360351562,539.275146484375,0.9999977350234985,692.7413940429688,581.24267578125,0.9999976754188538,697.9497680664062,591.400390625,0.07472917437553406
303,615.5991821289062,648.181640625,0.00518837571144104,700.1792602539062,585.2348022460938,0.0006217658519744873,664.585205078125,561.2915649414062,0.0005949735641479492,698.877197265625,588.3432006835938,0.0005213916301727295,697.8428344726562,592.2005615234375,0.0007246434688568115,640.1685791015625,536.8180541992188,0.9999631643295288,668.6492309570312,540.9951171875,0.9999843835830688,693.193359375,582.95458984375,0.9999989867210388,698.4511108398438,592.5978393554688,0.04361656308174133
304,615.8580322265625,648.181640625,0.0027126073837280273,699.897705078125,584.7879638671875,0.00045493245124816895,662.979736328125,561.50830078125,0.0014721155166625977,698.877197265625,588.3432006835938,0.0005397498607635498,655.4310302734375,536.7864379882812,0.0004728734493255615,640.4060668945312,537.1376342773438,0.9959338903427124,669.1152954101562,541.7816772460938,0.9999882578849792,693.3875732421875,584.3837890625,0.9999984502792358,698.4511108398438,592.6153564453125,0.0075213611125946045
305,645.6286010742188,546.533203125,0.0020905733108520508,667.2018432617188,550.5026245117188,0.0004183053970336914,662.979736328125,561.451171875,0.000592350959777832,668.0792236328125,562.2078857421875,0.0005348324775695801,655.4310302734375,536.0746459960938,0.0009605586528778076,640.600341796875,537.1376342773438,0.9999296069145203,669.1152954101562,541.9823608398438,0.9999924898147583,694.76953125,585.9366455078125,0.9999948740005493,698.3519897460938,593.5995483398438,0.0094948410987854
306,645.6286010742188,546.533203125,0.001569598913192749,638.0776977539062,550.5026245117188,0.0005772709846496582,662.979736328125,561.451171875,0.004505574703216553,666.4404907226562,561.6357421875,0.0005034208297729492,656.1084594726562,534.8275146484375,0.0010357797145843506,641.3653564453125,538.25439453125,0.9999625086784363,669.1152954101562,544.1012573242188,0.9999984502792358,694.8726806640625,586.942138671875,0.9999970197677612,698.130859375,594.7456665039062,0.0059854090213775635
307,645.6286010742188,546.533203125,0.0029201507568359375,638.0776977539062,549.8278198242188,0.0005211234092712402,663.2866821289062,561.50830078125,0.006150692701339722,666.4404907226562,561.5873413085938,0.0007407069206237793,656.1084594726562,534.8275146484375,0.0012957751750946045,641.429443359375,541.3925170898438,0.9999113082885742,669.1152954101562,544.9764404296875,0.9999985098838806,695.2503051757812,587.1943359375,0.9999850392341614,698.1760864257812,595.4559936523438,0.12252885103225708
308,645.6286010742188,546.2606811523438,0.01342320442199707,666.8410034179688,542.4459838867188,0.020207136869430542,663.3790283203125,562.1054077148438,0.004837155342102051,666.4404907226562,561.5873413085938,0.0006456077098846436,657.205322265625,534.8275146484375,0.000992417335510254,642.0530395507812,544.1677856445312,0.9999663829803467,669.7340087890625,546.120361328125,0.9999994039535522,695.2503051757812,588.7040405273438,0.9999924302101135,698.1760864257812,596.7398681640625,0.05650433897972107
309,617.0385131835938,649.5658569335938,0.03755703568458557,667.2018432617188,542.4459838867188,0.0005165338516235352,663.9779663085938,562.8710327148438,0.0022554397583007812,667.2774047851562,560.8018798828125,0.0004633963108062744,697.7837524414062,609.4990844726562,0.0010065436363220215,642.627197265625,545.0292358398438,0.999553382396698,670.61865234375,548.4673461914062,0.9999992847442627,695.3126831054688,588.9176635742188,0.9999874830245972,698.3519897460938,597.1828002929688,0.05150821805000305
310,617.0385131835938,656.4259643554688,0.0013706684112548828,667.3787231445312,542.8668212890625,0.0004898607730865479,664.0291748046875,562.8710327148438,0.003089010715484619,667.6765747070312,560.7157592773438,0.0007140040397644043,698.0270385742188,609.5883178710938,0.0011157989501953125,644.2293701171875,546.1400146484375,0.9999324083328247,670.94775390625,548.8148193359375,0.9999992251396179,695.4579467773438,591.7505493164062,0.9999850988388062,698.732666015625,598.6289672851562,0.03162458539009094
311,617.33544921875,649.5658569335938,0.9816185235977173,668.1604614257812,542.8668212890625,0.0005422532558441162,664.8571166992188,562.8775634765625,0.0018174350261688232,668.28857421875,559.8900146484375,0.0007336437702178955,698.133544921875,609.5883178710938,0.0018451511859893799,644.2293701171875,547.5965576171875,0.9999610185623169,671.038818359375,551.4310302734375,0.999997615814209,695.8657836914062,593.0252075195312,0.9999408721923828,699.112060546875,599.3779296875,0.03206205368041992
312,617.33544921875,553.4603271484375,0.0027293860912323,668.1604614257812,542.8668212890625,0.0009661614894866943,664.8571166992188,562.8710327148438,0.0016872286796569824,668.28857421875,559.71533203125,0.0011922717094421387,698.133544921875,609.4990844726562,0.0009421110153198242,644.2293701171875,547.5965576171875,0.9996495246887207,671.038818359375,551.4310302734375,0.9999985694885254,695.8657836914062,593.0252075195312,0.9999389052391052,699.112060546875,599.3779296875,0.09550407528877258
313,616.6942749023438,553.4603271484375,0.001062154769897461,668.1604614257812,542.8668212890625,0.0011005401611328125,664.8571166992188,562.5289306640625,0.0010087788105010986,667.6765747070312,557.23974609375,0.0013282299041748047,698.0270385742188,609.24560546875,0.0013422966003417969,642.19921875,547.5965576171875,0.9999943971633911,670.61865234375,551.4310302734375,0.9999991655349731,695.8657836914062,593.0252075195312,0.9999096393585205,699.112060546875,599.3779296875,0.16884389519691467
