scorer,DLC_resnet152_t-rest-colorJul19shuffle1_750000,DLC_resnet152_t-rest-colorJul19shuffle1_750000,DLC_resnet152_t-rest-colorJul19shuffle1_750000,DLC_resnet152_t-rest-colorJul19shuffle1_750000,DLC_resnet152_t-rest-colorJul19shuffle1_750000,DLC_resnet152_t-rest-colorJul19shuffle1_750000,DLC_resnet152_t-rest-colorJul19shuffle1_750000,DLC_resnet152_t-rest-colorJul19shuffle1_750000,DLC_resnet152_t-rest-colorJul19shuffle1_750000,DLC_resnet152_t-rest-colorJul19shuffle1_750000,DLC_resnet152_t-rest-colorJul19shuffle1_750000,DLC_resnet152_t-rest-colorJul19shuffle1_750000,DLC_resnet152_t-rest-colorJul19shuffle1_750000,DLC_resnet152_t-rest-colorJul19shuffle1_750000,DLC_resnet152_t-rest-colorJul19shuffle1_750000,DLC_resnet152_t-rest-colorJul19shuffle1_750000,DLC_resnet152_t-rest-colorJul19shuffle1_750000,DLC_resnet152_t-rest-colorJul19shuffle1_750000,DLC_resnet152_t-rest-colorJul19shuffle1_750000,DLC_resnet152_t-rest-colorJul19shuffle1_750000,DLC_resnet152_t-rest-colorJul19shuffle1_750000,DLC_resnet152_t-rest-colorJul19shuffle1_750000,DLC_resnet152_t-rest-colorJul19shuffle1_750000,DLC_resnet152_t-rest-colorJul19shuffle1_750000
bodyparts,base2,base2,base2,base3,base3,base3,base4,base4,base4,base5,base5,base5,tip2,tip2,tip2,tip3,tip3,tip3,tip4,tip4,tip4,tip5,tip5,tip5
coords,x,y,likelihood,x,y,likelihood,x,y,likelihood,x,y,likelihood,x,y,likelihood,x,y,likelihood,x,y,likelihood,x,y,likelihood
0,442.5107727050781,437.9421081542969,0.9999611377716064,461.7049865722656,435.9696960449219,0.9999842643737793,484.23846435546875,443.96923828125,0.999956488609314,507.66949462890625,462.85919189453125,0.9999188184738159,452.6968994140625,345.5638122558594,0.9999918937683105,479.2774353027344,324.4893798828125,0.9999841451644897,505.36834716796875,334.6241149902344,0.9999042749404907,526.79443359375,392.9915466308594,0.9999605417251587
1,444.3838806152344,441.4436950683594,0.9999829530715942,462.7524108886719,437.5066223144531,0.9999823570251465,484.5335998535156,444.0107727050781,0.9999088048934937,508.60650634765625,464.2461853027344,0.9999313354492188,453.7669677734375,346.4292297363281,0.9999926090240479,479.2774353027344,324.8414306640625,0.9999810457229614,506.1048278808594,334.7186584472656,0.9999160766601562,527.371826171875,393.4942321777344,0.9999498128890991
2,444.3838806152344,441.5653991699219,0.9999338388442993,464.12652587890625,439.9532165527344,0.999924898147583,484.5992736816406,445.57958984375,0.9999325275421143,508.6958923339844,465.1298828125,0.9999631643295288,453.79974365234375,346.9270935058594,0.9999932050704956,479.2774353027344,325.1661071777344,0.9999767541885376,506.6387023925781,335.19134521484375,0.9998811483383179,527.6516723632812,395.98236083984375,0.9999610185623169
3,444.2627868652344,442.135498046875,0.999910831451416,464.12652587890625,440.2529602050781,0.9999630451202393,485.8207092285156,446.80426025390625,0.9999605417251587,509.1241455078125,465.5433044433594,0.9999585151672363,453.79974365234375,347.7466735839844,0.9999935626983643,479.3537292480469,327.4037170410156,0.9999802112579346,506.718994140625,337.5087890625,0.999950647354126,527.7900390625,396.44378662109375,0.999974250793457
4,444.2627868652344,443.1437683105469,0.9999274015426636,464.27166748046875,443.0461730957031,0.9999369382858276,486.086181640625,447.3729248046875,0.9998940229415894,509.1241455078125,466.49420166015625,0.9999343156814575,453.79974365234375,348.86572265625,0.9999939203262329,480.20526123046875,327.5817565917969,0.999980092048645,507.34405517578125,338.85565185546875,0.9999772310256958,528.4180908203125,397.2618103027344,0.9999775886535645
5,444.2627868652344,447.28369140625,0.9999457597732544,464.27166748046875,444.9572448730469,0.9999549388885498,486.086181640625,450.23486328125,0.999944806098938,508.9373779296875,469.7901611328125,0.9999464750289917,453.9646911621094,352.62530517578125,0.9999920129776001,481.0000915527344,329.5128479003906,0.9999704360961914,507.9768371582031,342.38818359375,0.9999650716781616,528.4180908203125,400.3763427734375,0.9999778270721436
6,444.2627868652344,450.92034912109375,0.9999642372131348,464.12652587890625,450.32122802734375,0.9999337196350098,486.086181640625,455.3636474609375,0.9999021291732788,508.9373779296875,474.8739929199219,0.9998891353607178,453.9646911621094,354.7112121582031,0.999996542930603,481.52044677734375,332.4245910644531,0.999984860420227,508.15570068359375,345.7300720214844,0.9998773336410522,528.559326171875,403.1858215332031,0.999983549118042
7,444.2627868652344,455.3777770996094,0.9998859167098999,463.5818176269531,454.24591064453125,0.9999719858169556,485.7491760253906,458.67120361328125,0.9999547004699707,508.3249206542969,478.0511779785156,0.9998841285705566,455.3529357910156,356.7828674316406,0.9999963045120239,481.72760009765625,335.160888671875,0.9999865293502808,508.9044189453125,346.51214599609375,0.9998356103897095,528.6542358398438,406.9532165527344,0.9999791383743286
8,444.3816223144531,458.2801818847656,0.9999517202377319,464.3464660644531,455.2942810058594,0.999975323677063,485.7491760253906,459.5362854003906,0.9999443292617798,507.8883972167969,480.9647521972656,0.9999617338180542,455.3529357910156,360.80096435546875,0.9999791383743286,482.2751159667969,339.75372314453125,0.999992847442627,508.92559814453125,352.60589599609375,0.9999631643295288,528.6542358398438,411.28814697265625,0.9999816417694092
9,445.1986999511719,462.6913757324219,0.9998906850814819,464.3464660644531,460.6407165527344,0.9998805522918701,485.7491760253906,465.70159912109375,0.9999628067016602,507.8883972167969,486.9210510253906,0.9999251365661621,455.6912841796875,366.3258056640625,0.9999760389328003,482.6737060546875,344.3088073730469,0.9999792575836182,509.65997314453125,362.5498352050781,0.9998468160629272,528.8029174804688,417.3199768066406,0.9999841451644897
10,445.381591796875,465.81219482421875,0.999930739402771,463.7739562988281,463.7403869628906,0.9999480247497559,485.7491760253906,469.9052429199219,0.9999626874923706,507.7049865722656,492.9494323730469,0.9998941421508789,455.74560546875,371.7348937988281,0.9999960660934448,482.9483947753906,349.19476318359375,0.999991774559021,509.8725280761719,362.8853454589844,0.9998406171798706,529.2080078125,422.97784423828125,0.9999823570251465
11,446.27410888671875,471.8348083496094,0.9998562335968018,465.1329650878906,468.5185852050781,0.9999599456787109,486.09698486328125,472.5431823730469,0.9998692274093628,507.1762390136719,492.95751953125,0.9999078512191772,456.2985534667969,376.7039489746094,0.9999567270278931,483.8095397949219,353.9181213378906,0.9999914169311523,510.2467346191406,368.8092346191406,0.9999665021896362,529.3118286132812,428.20947265625,0.9999786615371704
12,446.6165466308594,473.2910461425781,0.999873161315918,465.3724670410156,473.55810546875,0.9999585151672363,486.09698486328125,483.0657653808594,0.9999673366546631,507.1762390136719,508.4826354980469,0.9997835755348206,456.2985534667969,384.2999572753906,0.9999654293060303,483.9346923828125,360.35809326171875,0.9999654293060303,510.8522033691406,377.3270568847656,0.9998652935028076,530.0455322265625,436.71685791015625,0.9999905824661255
13,446.6165466308594,484.774658203125,0.9999345541000366,465.3724670410156,484.1401672363281,0.9999816417694092,485.25799560546875,493.2362060546875,0.9999384880065918,506.40936279296875,513.2435913085938,0.9999628067016602,456.2985534667969,391.1341552734375,0.9999805688858032,483.94244384765625,369.5953369140625,0.9999825954437256,510.8901062011719,384.8510437011719,0.9999678134918213,530.3145751953125,443.51702880859375,0.9999771118164062
14,447.8984375,488.28021240234375,0.9998255372047424,465.57171630859375,488.192138671875,0.999957799911499,485.25799560546875,496.50396728515625,0.9999455213546753,506.40936279296875,517.6156616210938,0.999961256980896,455.87060546875,399.4033203125,0.9999403953552246,484.80364990234375,374.8677062988281,0.9999880790710449,511.9259338378906,390.93365478515625,0.9999518394470215,530.9268188476562,450.6301574707031,0.9999923706054688
15,447.8984375,492.53375244140625,0.9998044371604919,465.83319091796875,491.722900390625,0.999936580657959,486.5866394042969,503.51849365234375,0.9998722076416016,506.95599365234375,527.6710205078125,0.9994352459907532,456.7671813964844,406.7335205078125,0.9999617338180542,484.8450012207031,381.2734680175781,0.9999847412109375,512.647216796875,399.1301574707031,0.9999617338180542,530.9710693359375,460.14996337890625,0.9999860525131226
16,447.8984375,508.0578308105469,0.9998145699501038,465.83319091796875,508.3061828613281,0.999976634979248,486.69287109375,518.0435180664062,0.9999748468399048,506.95599365234375,537.1425170898438,0.999845027923584,456.8569641113281,413.3853454589844,0.9999821186065674,485.94036865234375,391.38250732421875,0.999984622001648,512.6760864257812,405.2242126464844,0.9999659061431885,531.6951293945312,465.9942321777344,0.9999902248382568
17,446.1460876464844,509.5898132324219,0.999836802482605,465.83319091796875,510.183837890625,0.9999679327011108,486.69287109375,519.6558227539062,0.9999287128448486,506.95599365234375,540.4674072265625,0.9999202489852905,456.7624816894531,419.4059143066406,0.9999772310256958,485.9835510253906,397.8219909667969,0.99998939037323,513.6793212890625,414.16778564453125,0.999957799911499,532.8397827148438,474.63433837890625,0.999991774559021
18,446.1460876464844,514.484619140625,0.9999312162399292,465.83319091796875,513.1145629882812,0.9999648332595825,486.69287109375,523.1845703125,0.9997939467430115,506.95599365234375,548.8551025390625,0.9998447895050049,456.8569641113281,426.3248291015625,0.9999240636825562,485.9835510253906,406.8000793457031,0.9999669790267944,513.6793212890625,424.0098571777344,0.9999673366546631,533.0879516601562,481.33843994140625,0.9999897480010986
19,444.9360656738281,519.137939453125,0.9999412298202515,463.4606018066406,518.4390258789062,0.9999010562896729,484.63165283203125,532.830078125,0.9999150037765503,505.9052734375,556.4003295898438,0.9998756647109985,457.1246337890625,433.92572021484375,0.9999545812606812,486.5280456542969,412.7786560058594,0.9999923706054688,513.6793212890625,428.0369567871094,0.9999794960021973,533.904296875,492.2372131347656,0.9999898672103882
20,444.44976806640625,524.0836181640625,0.9996966123580933,462.96533203125,525.0328979492188,0.9998281002044678,484.3987121582031,537.8567504882812,0.9996895790100098,504.19403076171875,564.1690063476562,0.9998791217803955,458.4910583496094,441.85760498046875,0.9998972415924072,487.0041198730469,421.39910888671875,0.9999790191650391,514.18115234375,437.3555603027344,0.9999760389328003,535.8997802734375,499.0672302246094,0.9999591112136841
21,443.27203369140625,534.57177734375,0.999764621257782,462.28607177734375,535.6832275390625,0.9995908141136169,483.3851623535156,549.1779174804688,0.9998039603233337,504.0712890625,574.8966674804688,0.9992282390594482,464.3526611328125,450.18414306640625,0.9996733665466309,489.2826232910156,428.4716796875,0.9999455213546753,515.3237915039062,443.7258605957031,0.9999685287475586,535.8997802734375,505.672607421875,0.9999637603759766
22,438.54345703125,547.153564453125,0.999882698059082,460.6789245605469,548.8275756835938,0.9998644590377808,482.68133544921875,560.492431640625,0.9998161196708679,503.9916076660156,580.21044921875,0.999930739402771,466.1682434082031,454.4129943847656,0.9999713897705078,489.5716857910156,435.204345703125,0.9999754428863525,515.8573608398438,448.95550537109375,0.9999626874923706,535.8997802734375,511.66839599609375,0.9999487400054932
23,438.2889709472656,554.2898559570312,0.9999203681945801,459.2777099609375,556.9065551757812,0.9999104738235474,482.5993957519531,567.4230346679688,0.9999327659606934,503.9916076660156,590.2896118164062,0.9999209642410278,466.43603515625,456.2395324707031,0.9998630285263062,489.7424621582031,439.6769714355469,0.9999662637710571,516.0513916015625,455.60882568359375,0.9999606609344482,535.8997802734375,515.5810546875,0.9999921321868896
24,438.2889709472656,559.52880859375,0.9998409748077393,459.1776428222656,561.8438110351562,0.9998700618743896,482.5993957519531,571.3050537109375,0.9999138116836548,503.9916076660156,590.7545166015625,0.9998880624771118,467.2490539550781,458.61474609375,0.9999494552612305,489.76873779296875,445.7926025390625,0.999840259552002,516.718017578125,461.1712341308594,0.9999724626541138,536.5317993164062,520.9035034179688,0.999981164932251
25,437.3498840332031,564.0411987304688,0.9999727010726929,459.1776428222656,564.8306884765625,0.9999092817306519,482.5993957519531,574.16357421875,0.9992210865020752,504.0762634277344,594.2596435546875,0.99982088804245,468.7985534667969,462.9110412597656,0.9999650716781616,490.58929443359375,447.21600341796875,0.9998874664306641,517.2619018554688,465.5506591796875,0.9999582767486572,536.5317993164062,525.5953369140625,0.9999635219573975
26,437.2390441894531,570.4338989257812,0.9998606443405151,458.5145568847656,571.395263671875,0.9999150037765503,480.9083251953125,579.2379760742188,0.9999581575393677,504.0762634277344,596.14794921875,0.9999018907546997,469.5059814453125,466.0240173339844,0.999984622001648,490.83416748046875,455.3765869140625,0.9999489784240723,518.3204956054688,469.80938720703125,0.9999397993087769,536.8324584960938,528.68603515625,0.999950647354126
27,437.2390441894531,570.6651000976562,0.9998990297317505,458.5145568847656,571.8353271484375,0.9997534155845642,480.9083251953125,581.181884765625,0.9999359846115112,504.63812255859375,600.831787109375,0.9997146725654602,469.5059814453125,466.7626647949219,0.9999868869781494,490.83416748046875,457.22674560546875,0.999906063079834,518.388671875,472.50042724609375,0.9999219179153442,536.8511352539062,530.9095458984375,0.9999719858169556
28,440.6226501464844,573.370849609375,0.9999227523803711,458.6202697753906,574.7802734375,0.9996539354324341,480.9083251953125,584.9110717773438,0.9995898604393005,504.0762634277344,605.7520141601562,0.9997912049293518,469.5059814453125,469.98663330078125,0.9999532699584961,490.83416748046875,459.14208984375,0.9999091625213623,518.6044311523438,475.78289794921875,0.999942421913147,537.7723999023438,537.0989990234375,0.999929666519165
29,440.0536804199219,576.6599731445312,0.9998977184295654,458.5145568847656,578.7815551757812,0.9999576807022095,480.9083251953125,586.7562866210938,0.9999150037765503,503.95489501953125,606.7777709960938,0.9997158646583557,469.3033142089844,472.3735046386719,0.9998849630355835,490.8240966796875,462.45611572265625,0.9997559189796448,518.388671875,478.3276672363281,0.9999200105667114,538.0195922851562,539.7076416015625,0.9999126195907593
30,440.5073547363281,577.4000244140625,0.9999246597290039,458.6202697753906,578.9850463867188,0.9999723434448242,481.33831787109375,587.8961181640625,0.9998038411140442,503.95489501953125,610.8311767578125,0.9998812675476074,469.3033142089844,472.71490478515625,0.999913215637207,491.3179016113281,463.551025390625,0.9998694658279419,518.6044311523438,480.80242919921875,0.9998784065246582,538.7462158203125,540.246826171875,0.9999338388442993
31,440.6226501464844,577.70068359375,0.9999765157699585,460.0592956542969,579.9797973632812,0.9999518394470215,481.8753356933594,589.1563720703125,0.9998599290847778,504.1173095703125,610.8311767578125,0.9997517466545105,469.3033142089844,474.3401794433594,0.9998065829277039,491.0167236328125,465.3451843261719,0.9999723434448242,519.1254272460938,482.47601318359375,0.9999679327011108,538.0658569335938,543.3316040039062,0.9999173879623413
32,440.5073547363281,580.376708984375,0.9999483823776245,458.6202697753906,580.9909057617188,0.9999675750732422,481.33831787109375,590.613037109375,0.9999141693115234,502.7042236328125,611.2448120117188,0.9998860359191895,469.3033142089844,474.6149597167969,0.9999463558197021,491.3179016113281,467.6957092285156,0.9999727010726929,519.1254272460938,482.7048034667969,0.9999524354934692,538.0658569335938,544.5455932617188,0.9999725818634033
33,440.0536804199219,583.4906616210938,0.9998478889465332,459.4692077636719,582.1216430664062,0.9999039173126221,481.33831787109375,590.64697265625,0.9997538924217224,502.7042236328125,613.0891723632812,0.9998118281364441,469.3213806152344,478.3020324707031,0.9996973276138306,491.3179016113281,467.6973876953125,0.9999693632125854,518.8193359375,484.8725280761719,0.9999563694000244,538.4168090820312,545.9764404296875,0.999968409538269
34,440.08868408203125,583.4906616210938,0.9999212026596069,459.82452392578125,582.1216430664062,0.9998816251754761,481.33831787109375,593.3967895507812,0.9999656677246094,503.815185546875,614.3693237304688,0.9998584985733032,469.9697265625,481.538818359375,0.9987229704856873,492.1939392089844,470.61065673828125,0.9999905824661255,519.1254272460938,486.19122314453125,0.9999334812164307,538.7700805664062,547.32421875,0.9999591112136841
35,440.08868408203125,583.4906616210938,0.9997983574867249,459.4974365234375,583.419677734375,0.9997602105140686,481.8331604003906,593.3967895507812,0.9999305009841919,503.2884521484375,614.3693237304688,0.999869704246521,470.1653747558594,481.538818359375,0.9990900754928589,492.1939392089844,470.61065673828125,0.9999804496765137,518.8193359375,486.29656982421875,0.9999110698699951,538.4168090820312,547.7261962890625,0.9999493360519409
36,439.2146301269531,582.2766723632812,0.999953031539917,459.4692077636719,584.394775390625,0.9998444318771362,479.774658203125,595.7218017578125,0.9998258948326111,500.96630859375,617.017333984375,0.999749481678009,470.1653747558594,482.087890625,0.9997566342353821,492.1939392089844,470.8993835449219,0.9999797344207764,518.8193359375,487.1613464355469,0.9998633861541748,538.4168090820312,547.7960815429688,0.9999643564224243
37,439.2146301269531,582.2766723632812,0.9999256134033203,459.4692077636719,584.394775390625,0.9999192953109741,480.1152648925781,594.7669677734375,0.9998382329940796,501.3258972167969,616.3386840820312,0.9998154044151306,470.1653747558594,482.087890625,0.9998045563697815,492.1592712402344,470.61065673828125,0.9999853372573853,518.7830810546875,487.93182373046875,0.9999082088470459,537.9525146484375,548.605224609375,0.9999722242355347
38,440.08868408203125,582.2766723632812,0.9999467134475708,459.4096374511719,584.394775390625,0.9998691082000732,481.8331604003906,594.6240844726562,0.9999198913574219,503.2884521484375,614.4874877929688,0.9998250603675842,468.644775390625,482.78472900390625,0.9997349381446838,491.819580078125,471.00567626953125,0.9999690055847168,518.7427978515625,487.93182373046875,0.9999246597290039,537.9525146484375,548.217529296875,0.9999586343765259
39,439.2146301269531,583.757568359375,0.9998736381530762,459.3933410644531,585.87451171875,0.9997850060462952,480.1152648925781,594.7669677734375,0.9998997449874878,501.3258972167969,616.3386840820312,0.9996391534805298,468.5790710449219,484.4793395996094,0.9941341280937195,491.7253112792969,471.8445129394531,0.9999866485595703,518.7427978515625,489.22412109375,0.999861478805542,537.9525146484375,548.7279052734375,0.9998996257781982
40,439.2146301269531,583.757568359375,0.9998816251754761,459.3933410644531,585.87451171875,0.9999163150787354,480.1152648925781,594.7669677734375,0.9999552965164185,501.3258972167969,616.3386840820312,0.9998553991317749,466.7770080566406,484.815673828125,0.9999337196350098,491.7253112792969,472.16607666015625,0.9999858140945435,518.7427978515625,488.9989929199219,0.9999593496322632,538.6132202148438,548.7279052734375,0.9999682903289795
41,439.0564270019531,583.757568359375,0.9998934268951416,459.2107849121094,585.87451171875,0.99985671043396,481.4005126953125,594.6240844726562,0.9999618530273438,502.53253173828125,614.4874877929688,0.9998553991317749,465.5901794433594,484.815673828125,0.9979415535926819,491.5344543457031,472.16607666015625,0.9999847412109375,518.2742919921875,488.9989929199219,0.9998794794082642,538.6132202148438,550.0369873046875,0.9999111890792847
42,439.0564270019531,585.688232421875,0.9999160766601562,459.2107849121094,585.567626953125,0.9999195337295532,481.4005126953125,594.3099975585938,0.9998751878738403,502.53253173828125,614.4874877929688,0.9997765421867371,465.5901794433594,484.815673828125,0.9999673366546631,490.9941101074219,472.39776611328125,0.9999707937240601,518.0484619140625,488.07867431640625,0.999937891960144,538.6132202148438,550.0382690429688,0.9999624490737915
43,437.9012451171875,582.7565307617188,0.9999338388442993,457.9578552246094,582.5377807617188,0.9999390840530396,478.9315490722656,591.9362182617188,0.9998983144760132,501.2095031738281,613.3475952148438,0.9998688697814941,466.48980712890625,484.815673828125,0.9999803304672241,491.5344543457031,472.39776611328125,0.9999758005142212,518.0484619140625,488.07867431640625,0.9999566078186035,539.09375,550.0382690429688,0.9999407529830933
44,437.9012451171875,580.7786254882812,0.999893307685852,457.9578552246094,582.5377807617188,0.9996211528778076,478.8395080566406,591.9362182617188,0.9998774528503418,501.2095031738281,613.3475952148438,0.9997336268424988,466.48980712890625,482.3491516113281,0.9999545812606812,491.5242004394531,472.39776611328125,0.9999516010284424,518.0484619140625,488.07867431640625,0.999932050704956,539.09375,550.0382690429688,0.9999227523803711
45,437.7051696777344,580.7786254882812,0.9999747276306152,457.9578552246094,582.5377807617188,0.999958872795105,478.8395080566406,591.6376953125,0.9998654127120972,501.12689208984375,613.3475952148438,0.9998761415481567,466.83172607421875,482.3491516113281,0.9999115467071533,490.9088134765625,471.2944641113281,0.9999817609786987,518.218994140625,487.8394775390625,0.9999668598175049,538.9212646484375,550.5809326171875,0.9999548196792603
46,437.4036560058594,580.7786254882812,0.9999370574951172,456.767578125,583.4149169921875,0.9996973276138306,478.2148132324219,593.9820556640625,0.9999688863754272,500.647216796875,616.3223876953125,0.9999054670333862,466.83172607421875,485.4539794921875,0.9976255297660828,490.606689453125,471.2944641113281,0.9999866485595703,518.5092163085938,488.07867431640625,0.9999327659606934,538.9212646484375,550.5809326171875,0.999910831451416
47,437.4036560058594,580.7786254882812,0.9999691247940063,456.767578125,583.4149169921875,0.9999566078186035,477.84808349609375,593.9820556640625,0.9998030066490173,499.02740478515625,619.2401733398438,0.9998942613601685,467.2783508300781,482.9476013183594,0.9998268485069275,490.606689453125,471.2944641113281,0.9999774694442749,518.5092163085938,488.03662109375,0.9999536275863647,538.9212646484375,550.5809326171875,0.9999125003814697
48,435.0189514160156,580.7786254882812,0.9998989105224609,454.5779724121094,583.9019775390625,0.9998652935028076,476.8164367675781,593.9820556640625,0.9998180270195007,498.7239074707031,619.2401733398438,0.9998853206634521,467.40423583984375,482.9476013183594,0.9998247027397156,490.606689453125,472.3355407714844,0.9999815225601196,518.218994140625,488.59259033203125,0.9999485015869141,538.5109252929688,551.1205444335938,0.9998816251754761
49,434.9019470214844,580.5882568359375,0.9999637603759766,454.5572204589844,583.9019775390625,0.9998533725738525,476.5416259765625,593.9820556640625,0.9998080134391785,498.6076354980469,618.33203125,0.9997507929801941,467.7538757324219,482.9476013183594,0.9998495578765869,490.606689453125,472.56011962890625,0.999964714050293,518.0908813476562,488.59259033203125,0.9999451637268066,538.5109252929688,551.1205444335938,0.9999175071716309
50,434.9019470214844,580.5882568359375,0.9999681711196899,454.5572204589844,583.9019775390625,0.9999088048934937,476.5416259765625,593.9820556640625,0.9999252557754517,496.66632080078125,618.33203125,0.9998811483383179,467.7538757324219,482.9476013183594,0.9997997879981995,490.49591064453125,473.1167297363281,0.9999816417694092,517.982177734375,488.88214111328125,0.9999492168426514,538.5109252929688,551.8911743164062,0.9998542070388794
51,434.9019470214844,580.18017578125,0.9999582767486572,454.5572204589844,583.9019775390625,0.9999634027481079,476.5416259765625,593.6547241210938,0.9999558925628662,498.337890625,617.674560546875,0.9998251795768738,467.7538757324219,482.6012878417969,0.9999620914459229,490.69293212890625,473.1167297363281,0.9999779462814331,517.982177734375,489.4900817871094,0.9999527931213379,538.5109252929688,551.8911743164062,0.9998670816421509
52,432.8746337890625,579.733154296875,0.9999769926071167,454.3740234375,582.7786254882812,0.9999681711196899,475.9374084472656,593.4413452148438,0.9999217987060547,496.1098327636719,617.2008056640625,0.9998903274536133,465.77435302734375,481.62408447265625,0.9999778270721436,490.69293212890625,472.4330749511719,0.9999082088470459,517.982177734375,489.4900817871094,0.9999520778656006,538.1588745117188,552.3414916992188,0.9997778534889221
53,432.063232421875,579.4383544921875,0.9999344348907471,453.75262451171875,581.2832641601562,0.9999580383300781,475.56585693359375,593.4368286132812,0.999923586845398,495.9152526855469,615.9373168945312,0.9998452663421631,465.77435302734375,480.7051696777344,0.9999250173568726,490.69293212890625,472.4330749511719,0.9999738931655884,517.868896484375,489.1573486328125,0.9999690055847168,538.644287109375,552.5636596679688,0.999887228012085
54,431.583984375,579.4383544921875,0.9998815059661865,453.75262451171875,581.2832641601562,0.9999523162841797,475.56585693359375,592.0823974609375,0.9998704195022583,495.9152526855469,615.9373168945312,0.9997687935829163,465.77435302734375,480.7051696777344,0.9998425245285034,490.69293212890625,470.707275390625,0.999982476234436,517.868896484375,489.1573486328125,0.9999425411224365,538.5836791992188,552.5636596679688,0.9998617172241211
55,431.3416442871094,577.860107421875,0.9995887875556946,452.85491943359375,581.2832641601562,0.9999351501464844,474.26593017578125,592.111083984375,0.9999134540557861,495.7171630859375,615.9373168945312,0.9996490478515625,467.256591796875,480.29547119140625,0.9995484948158264,490.69293212890625,470.707275390625,0.999980092048645,518.1294555664062,489.1573486328125,0.9999362230300903,538.5836791992188,551.1800537109375,0.999840259552002
56,431.3330993652344,576.7592163085938,0.9999330043792725,451.82080078125,580.0433959960938,0.9999821186065674,472.8606262207031,591.8313598632812,0.9998345375061035,493.9610290527344,614.9970703125,0.9997492432594299,467.256591796875,480.24212646484375,0.9992959499359131,491.28759765625,470.707275390625,0.9999769926071167,518.2650146484375,487.3572692871094,0.999955415725708,538.9341430664062,551.5560913085938,0.9999362230300903
57,431.3006896972656,576.18115234375,0.9997585415840149,450.2181091308594,579.9595336914062,0.9999631643295288,472.4403991699219,591.4058837890625,0.9998071789741516,491.4640197753906,614.866455078125,0.9998682737350464,467.3793640136719,478.5189514160156,0.9998544454574585,491.3257141113281,470.89752197265625,0.9999710321426392,518.2650146484375,487.3572692871094,0.9999467134475708,538.9341430664062,550.8724365234375,0.9999092817306519
58,430.39410400390625,575.81884765625,0.9996968507766724,450.0654602050781,578.7242431640625,0.9999570846557617,469.83331298828125,591.4058837890625,0.9998577833175659,490.55560302734375,614.6357421875,0.9999059438705444,467.256591796875,479.3305969238281,0.9998420476913452,491.28759765625,470.89752197265625,0.9999868869781494,518.2650146484375,487.4623107910156,0.9999570846557617,538.9341430664062,550.8523559570312,0.9999065399169922
59,426.0962829589844,574.0296020507812,0.999754011631012,446.1927185058594,578.2367553710938,0.9998216032981873,467.70831298828125,591.342529296875,0.9998268485069275,489.40753173828125,613.3423461914062,0.9998225569725037,467.20513916015625,478.5189514160156,0.9999600648880005,491.28759765625,470.89752197265625,0.9999662637710571,518.0802612304688,487.4623107910156,0.9999713897705078,538.9341430664062,550.8523559570312,0.9998840093612671
60,426.0497741699219,567.6763305664062,0.9993625283241272,445.84112548828125,573.9168701171875,0.9997678399085999,467.15325927734375,586.4100341796875,0.9998051524162292,486.76239013671875,613.0448608398438,0.9996534585952759,465.9823303222656,476.23284912109375,0.9997461438179016,491.28759765625,470.7063903808594,0.9999560117721558,516.8377075195312,487.2288513183594,0.9999572038650513,538.5596923828125,550.8483276367188,0.9999470710754395
61,424.5793151855469,566.28125,0.9998843669891357,442.71368408203125,572.8710327148438,0.9998557567596436,464.15283203125,586.3212890625,0.9998751878738403,485.5420227050781,612.1824340820312,0.9998149275779724,462.7897644042969,473.52374267578125,0.9998075366020203,490.7836608886719,468.74420166015625,0.9999817609786987,516.7472534179688,486.9388732910156,0.9999827146530151,538.1635131835938,550.77685546875,0.9999486207962036
62,419.9495544433594,561.7351684570312,0.9999285936355591,441.957275390625,567.9510498046875,0.9990960359573364,463.1129455566406,584.1945190429688,0.9998884201049805,482.86431884765625,609.5596313476562,0.9999140501022339,461.6175231933594,471.4884033203125,0.9999301433563232,490.7470703125,467.62530517578125,0.9999802112579346,516.7472534179688,486.56024169921875,0.9999836683273315,538.1635131835938,549.490234375,0.9999603033065796
63,417.6750793457031,558.6033935546875,0.9997532963752747,439.6482238769531,566.8674926757812,0.9997498393058777,460.5208435058594,579.6948852539062,0.9998898506164551,479.8133239746094,607.4569091796875,0.9998233914375305,461.2829895019531,470.611328125,0.9999721050262451,490.7470703125,467.284912109375,0.9999833106994629,516.7472534179688,484.9817199707031,0.9999891519546509,536.8693237304688,548.2393188476562,0.9999488592147827
64,415.958740234375,552.6456298828125,0.9988245368003845,437.85595703125,561.1510009765625,0.9997885823249817,458.7887878417969,575.9066772460938,0.9998142123222351,476.985107421875,603.4290771484375,0.999847412109375,456.7135009765625,463.5109558105469,0.9999575614929199,488.927734375,465.2107238769531,0.9999574422836304,517.1014404296875,482.0955810546875,0.9999691247940063,536.5050659179688,545.7803955078125,0.9999485015869141
65,409.9653625488281,550.16943359375,0.9994850158691406,432.30596923828125,557.1932373046875,0.9996562004089355,452.8333435058594,571.7966918945312,0.999909520149231,472.9944152832031,595.4990234375,0.9999123811721802,454.6932678222656,463.0885925292969,0.9999775886535645,488.5806579589844,464.2168273925781,0.9998617172241211,517.245849609375,481.029296875,0.999983549118042,534.7951049804688,543.4978637695312,0.9999209642410278
66,409.12921142578125,541.5499267578125,0.997894823551178,432.147705078125,549.1121215820312,0.9997039437294006,452.4861145019531,565.5368041992188,0.9999430179595947,470.0666809082031,589.0144653320312,0.9999167919158936,453.9095153808594,462.6837158203125,0.9999104738235474,488.2796325683594,462.5965270996094,0.9998900890350342,517.245849609375,479.8348388671875,0.9999593496322632,532.1061401367188,535.4874267578125,0.9999531507492065
67,406.4720458984375,536.3511962890625,0.9997569918632507,427.9422912597656,544.7175903320312,0.999897837638855,447.5652160644531,559.1947631835938,0.9998175501823425,467.268798828125,581.8865356445312,0.9999414682388306,453.6050109863281,459.7197570800781,0.9999895095825195,487.8404846191406,459.0833740234375,0.999937891960144,517.1014404296875,478.2817077636719,0.9999732971191406,528.87939453125,530.0437622070312,0.999954104423523
68,402.86090087890625,522.40087890625,0.9904492497444153,425.78753662109375,532.6124877929688,0.9987955093383789,446.29339599609375,549.6349487304688,0.9998065829277039,464.910888671875,573.4819946289062,0.9998871088027954,453.6050109863281,459.17388916015625,0.9999734163284302,487.6910095214844,454.8773193359375,0.9999443292617798,515.7546997070312,476.2471618652344,0.9999815225601196,526.3180541992188,524.2667236328125,0.9998255372047424
69,400.00714111328125,516.6422729492188,0.9970539808273315,424.2686767578125,526.7532348632812,0.9986845850944519,445.35382080078125,541.45458984375,0.9998606443405151,463.2905578613281,563.7172241210938,0.999824583530426,450.2884826660156,455.51251220703125,0.9999698400497437,484.0853271484375,450.351806640625,0.9999829530715942,515.6301879882812,469.099853515625,0.9999891519546509,524.7355346679688,516.4282836914062,0.9999440908432007
70,400.00714111328125,510.11474609375,0.9923208355903625,424.2686767578125,520.6365966796875,0.998440682888031,445.35382080078125,535.2780151367188,0.9997811913490295,462.6535339355469,556.8303833007812,0.999823272228241,450.12030029296875,454.0924987792969,0.9989297986030579,484.0853271484375,445.9642333984375,0.9987756609916687,514.7933959960938,463.6688537597656,0.9999499320983887,522.5116577148438,509.2273254394531,0.9997861981391907
71,400.00714111328125,507.4769287109375,0.9803833365440369,424.2686767578125,513.5801391601562,0.9978692531585693,443.1430358886719,527.3314819335938,0.9994531273841858,461.4333190917969,544.4942016601562,0.9997068047523499,450.12030029296875,436.1475830078125,0.9999264478683472,484.0853271484375,435.752685546875,0.9999653100967407,511.8756408691406,451.6316223144531,0.9999599456787109,520.3580322265625,496.3564453125,0.9998599290847778
72,400.00714111328125,486.0533447265625,0.974611759185791,423.04827880859375,497.135498046875,0.9850147366523743,441.55682373046875,510.4472961425781,0.9988277554512024,461.4333190917969,530.5668334960938,0.9998165965080261,447.92108154296875,420.40374755859375,0.9936665892601013,484.0853271484375,424.45806884765625,0.9984840750694275,511.2063293457031,441.86773681640625,0.9998818635940552,519.2886962890625,484.337158203125,0.999962329864502
73,395.91986083984375,477.693359375,0.886262059211731,420.0547790527344,487.3949279785156,0.6334608793258667,440.72332763671875,499.67877197265625,0.9630839824676514,460.1485900878906,519.9613037109375,0.9954431056976318,442.1013488769531,413.6583251953125,0.9990110397338867,479.7112121582031,412.733154296875,0.9992040991783142,505.0296325683594,430.5394592285156,0.9998828172683716,515.2156372070312,471.8070373535156,0.9999725818634033
74,395.91986083984375,466.4524230957031,0.9982604384422302,420.0547790527344,470.9041748046875,0.987606942653656,440.72332763671875,482.4396667480469,0.9540051221847534,460.1485900878906,499.7590026855469,0.9934803247451782,435.52130126953125,396.19537353515625,0.9999796152114868,466.8313293457031,393.9993591308594,0.9996740818023682,495.23834228515625,414.0566711425781,0.9998511075973511,508.7102966308594,456.3187561035156,0.9999419450759888
75,391.4681091308594,457.22381591796875,0.9998445510864258,412.301513671875,459.574951171875,0.9963070154190063,435.30255126953125,470.6601257324219,0.999702513217926,457.705078125,488.9749755859375,0.9991816878318787,430.4727783203125,382.4342346191406,0.999862551689148,461.1418151855469,377.8917541503906,0.9987812638282776,493.75982666015625,395.2657775878906,0.9998811483383179,506.2537841796875,441.6671447753906,0.999953031539917
76,388.38037109375,444.2198486328125,0.999862551689148,411.9723815917969,447.2476501464844,0.9995006322860718,432.0714111328125,457.8453369140625,0.9992151260375977,453.9801940917969,477.53240966796875,0.9998074173927307,422.13873291015625,372.8019104003906,0.9999878406524658,453.413818359375,365.3573303222656,0.9984444975852966,487.439453125,381.2032165527344,0.999881386756897,502.3646545410156,424.30767822265625,0.9999804496765137
77,382.3750915527344,438.1698913574219,0.9998459815979004,404.1853942871094,441.1129455566406,0.9998483657836914,425.4898986816406,452.6216735839844,0.9996564388275146,450.6260986328125,475.41790771484375,0.9993997812271118,416.24609375,353.7801818847656,0.9999585151672363,449.9339294433594,348.12957763671875,0.998382568359375,483.59735107421875,363.4787292480469,0.9999653100967407,496.1973876953125,408.49383544921875,0.9999655485153198
78,378.7947692871094,431.7347106933594,0.9997913241386414,399.9033203125,432.3769226074219,0.9996824264526367,424.6100158691406,441.9313659667969,0.9994440674781799,450.0124206542969,459.3867492675781,0.9993425011634827,411.6790466308594,342.11065673828125,0.9999701976776123,446.0867919921875,336.0950927734375,0.9995881915092468,479.84613037109375,347.4339294433594,0.9999643564224243,495.3687744140625,389.9109191894531,0.9999827146530151
79,378.7947692871094,417.0353088378906,0.9980981945991516,399.9033203125,417.16058349609375,0.9927896857261658,423.5749206542969,422.6013488769531,0.9995088577270508,449.0285949707031,437.060302734375,0.9998719692230225,408.4392395019531,330.9822692871094,0.9999818801879883,443.9815979003906,325.4540100097656,0.9999639987945557,476.80853271484375,334.2724609375,0.999783456325531,493.0489501953125,377.2389221191406,0.9999548196792603
80,378.7947692871094,403.00164794921875,0.9999490976333618,399.9033203125,405.9985656738281,0.9999467134475708,423.5749206542969,412.6935729980469,0.9998822212219238,450.0124206542969,428.5230407714844,0.9999057054519653,406.4436340332031,320.1643371582031,0.9999794960021973,442.9534606933594,313.5671081542969,0.9998948574066162,476.6583557128906,323.072265625,0.9999467134475708,491.1779479980469,364.19140625,0.9999428987503052
81,380.43585205078125,396.2689208984375,0.9998980760574341,400.4479064941406,399.802978515625,0.9998401403427124,424.6100158691406,406.5719299316406,0.9998953342437744,450.6260986328125,419.3603210449219,0.9999487400054932,404.75531005859375,312.4678649902344,0.9999798536300659,442.9534606933594,303.01776123046875,0.9999032020568848,476.58489990234375,311.25604248046875,0.9999325275421143,491.1779479980469,354.77398681640625,0.999984622001648
82,382.9454345703125,391.7464904785156,0.9999370574951172,403.1186828613281,393.0745849609375,0.9998500347137451,428.609375,397.2170104980469,0.9999184608459473,453.02813720703125,410.77783203125,0.999943733215332,404.75531005859375,304.19232177734375,0.9999767541885376,442.9534606933594,295.7834777832031,0.9999475479125977,476.553955078125,302.1553955078125,0.9998373985290527,491.1779479980469,343.64410400390625,0.9999736547470093
83,384.5423278808594,388.410888671875,0.9999449253082275,405.9087829589844,389.1437683105469,0.9999481439590454,428.9033203125,393.1634216308594,0.9999327659606934,453.3052062988281,407.0914611816406,0.9999018907546997,404.75531005859375,300.0068054199219,0.9999908208847046,442.6891174316406,286.49853515625,0.9999487400054932,476.553955078125,294.4635009765625,0.9999496936798096,492.26904296875,337.49334716796875,0.9999797344207764
84,387.615478515625,388.25006103515625,0.9999685287475586,408.3606262207031,387.3352355957031,0.9999388456344604,429.7659606933594,391.199462890625,0.9999580383300781,454.55963134765625,404.5736389160156,0.9999417066574097,405.1896667480469,297.7936706542969,0.9999898672103882,442.7643127441406,282.7030334472656,0.999962568283081,476.553955078125,288.3450012207031,0.9999511241912842,494.111328125,331.31524658203125,0.9999253749847412
85,391.1398010253906,385.34417724609375,0.9999507665634155,410.07757568359375,383.7898864746094,0.9999104738235474,431.2635192871094,386.4151916503906,0.9998955726623535,458.8155212402344,397.4557189941406,0.999954104423523,405.8135986328125,294.6482849121094,0.9999911785125732,442.7643127441406,276.597900390625,0.9999853372573853,475.0628662109375,283.6296691894531,0.9998651742935181,494.5086364746094,326.2351379394531,0.9999785423278809
86,393.74725341796875,385.34417724609375,0.9999250173568726,413.46221923828125,383.7898864746094,0.9998412132263184,436.59552001953125,386.4151916503906,0.9999107122421265,462.7333679199219,397.4557189941406,0.9998840093612671,409.1587219238281,294.6482849121094,0.9999885559082031,442.4236145019531,274.11773681640625,0.9999741315841675,474.8857727050781,280.55859375,0.9998886585235596,494.5674743652344,323.6973876953125,0.999984860420227
87,396.9868469238281,385.34417724609375,0.9999758005142212,414.0361022949219,383.7898864746094,0.9999637603759766,436.7903747558594,386.4151916503906,0.999942421913147,464.182861328125,397.4557189941406,0.999932050704956,412.1979675292969,294.6482849121094,0.9999939203262329,441.89202880859375,274.0849304199219,0.9999308586120605,474.6552734375,279.94927978515625,0.9999587535858154,494.7843322753906,323.6973876953125,0.9999884366989136
88,400.7169189453125,387.753662109375,0.9999843835830688,417.93841552734375,384.1619567871094,0.9999740123748779,439.8005676269531,387.6120300292969,0.9999393224716187,465.7846374511719,399.6026611328125,0.9999592304229736,413.6630859375,295.3211975097656,0.9999871253967285,441.50213623046875,274.0849304199219,0.9999284744262695,474.6204833984375,279.94927978515625,0.9999485015869141,494.7843322753906,323.6973876953125,0.9999881982803345
89,404.68060302734375,390.8403015136719,0.9999896287918091,420.9455261230469,388.31475830078125,0.9999940395355225,444.0154113769531,392.31243896484375,0.9999263286590576,470.07684326171875,404.58087158203125,0.999966025352478,413.8509521484375,298.9128723144531,0.999972939491272,441.18145751953125,274.0849304199219,0.9999703168869019,474.6204833984375,279.94927978515625,0.9999297857284546,494.7843322753906,325.30902099609375,0.9999817609786987
90,408.5150146484375,395.1452331542969,0.9999524354934692,425.148681640625,392.1854248046875,0.9999468326568604,448.5896301269531,395.3744812011719,0.9998677968978882,473.7929992675781,406.2373962402344,0.9999700784683228,415.05096435546875,303.566162109375,0.999972939491272,441.1236877441406,275.7611999511719,0.9999817609786987,473.9700012207031,282.785400390625,0.9998618364334106,494.5606384277344,328.7641906738281,0.999936580657959
91,409.9980163574219,396.1937561035156,0.9999399185180664,426.8882751464844,393.399169921875,0.9999536275863647,449.2110595703125,397.16619873046875,0.9999376535415649,474.8958740234375,409.2244567871094,0.9999395608901978,415.4103088378906,304.9684753417969,0.9999681711196899,441.1236877441406,277.8033142089844,0.9999819993972778,473.4657287597656,284.32464599609375,0.9998787641525269,493.716064453125,330.7746276855469,0.9999170303344727
92,411.2120666503906,397.4224853515625,0.999951958656311,428.76104736328125,394.90509033203125,0.999966025352478,450.91302490234375,397.94891357421875,0.9999397993087769,476.0832214355469,412.4871826171875,0.9999375343322754,415.51666259765625,306.8914794921875,0.9999858140945435,441.18145751953125,280.4771728515625,0.9999631643295288,473.19903564453125,285.9598388671875,0.9998313188552856,493.4660339355469,333.6302795410156,0.9999046325683594
93,412.16241455078125,398.78863525390625,0.9999501705169678,429.7958068847656,394.9141540527344,0.9999477863311768,451.5705261230469,398.14093017578125,0.9999253749847412,478.0600280761719,412.4871826171875,0.9999207258224487,416.355224609375,308.9183654785156,0.9999935626983643,441.8996276855469,281.38592529296875,0.9999688863754272,473.12841796875,287.3861083984375,0.9998691082000732,493.4601745605469,334.3499755859375,0.9999350309371948
94,412.9485778808594,399.5028991699219,0.9999583959579468,430.28314208984375,396.4791259765625,0.9999403953552246,452.8078918457031,398.5155029296875,0.9999098777770996,478.0928649902344,412.6098327636719,0.999923825263977,416.3710632324219,309.4041442871094,0.9999916553497314,441.8996276855469,281.6853942871094,0.9999682903289795,473.12677001953125,287.8441467285156,0.9999085664749146,493.27252197265625,335.1751708984375,0.9999674558639526
95,413.12030029296875,399.5028991699219,0.9999358654022217,430.546875,396.4801025390625,0.9999401569366455,453.7174377441406,399.1258239746094,0.999948263168335,478.14569091796875,412.72235107421875,0.9999576807022095,416.4439392089844,309.6865234375,0.9999947547912598,442.1373596191406,282.6089172363281,0.9999672174453735,472.5346374511719,288.3360290527344,0.9999103546142578,493.27252197265625,335.3571472167969,0.9999656677246094
96,413.4749755859375,399.6822814941406,0.9999786615371704,430.7787170410156,396.7788391113281,0.9998612403869629,454.4031066894531,399.4127502441406,0.9999597072601318,478.148193359375,412.72332763671875,0.999923825263977,416.6139831542969,309.6865234375,0.9999911785125732,442.1373596191406,282.6089172363281,0.9999686479568481,472.3737487792969,288.3360290527344,0.999903678894043,493.27252197265625,335.3571472167969,0.9999635219573975
97,413.4749755859375,401.8329162597656,0.9999277591705322,430.7787170410156,398.5844421386719,0.9999344348907471,454.95147705078125,401.372314453125,0.9999287128448486,478.148193359375,413.19635009765625,0.9999339580535889,416.6139831542969,309.7912902832031,0.9999920129776001,442.0361022949219,282.67205810546875,0.9999678134918213,472.3737487792969,287.8441467285156,0.9999022483825684,493.3507080078125,335.3571472167969,0.9999676942825317
98,413.4749755859375,404.56463623046875,0.9999786615371704,430.8268127441406,399.8729553222656,0.9998800754547119,455.694091796875,402.23699951171875,0.9999349117279053,478.73150634765625,414.3014221191406,0.9999047517776489,416.6139831542969,310.0655517578125,0.9999971389770508,442.0361022949219,282.67205810546875,0.9999644756317139,471.99261474609375,287.729736328125,0.9999475479125977,494.49591064453125,335.5621337890625,0.999962568283081
99,413.7975769042969,405.9451904296875,0.9999732971191406,430.8360290527344,400.318603515625,0.9999512434005737,456.09161376953125,402.45068359375,0.999951958656311,478.81951904296875,415.1347961425781,0.9999790191650391,416.86981201171875,310.0018310546875,0.9999908208847046,442.0361022949219,283.0110778808594,0.9999724626541138,471.99261474609375,287.5174560546875,0.9999229907989502,494.90753173828125,335.6495666503906,0.9999698400497437
100,413.7975769042969,405.9451904296875,0.9999685287475586,431.32269287109375,401.094970703125,0.9998931884765625,456.19134521484375,404.5743408203125,0.999944806098938,479.07855224609375,417.3548278808594,0.9998993873596191,416.86981201171875,310.48193359375,0.9999897480010986,442.0361022949219,283.25274658203125,0.9999680519104004,471.8955993652344,287.5174560546875,0.9999178647994995,495.27294921875,335.9163513183594,0.9999617338180542
101,413.7975769042969,405.9451904296875,0.9999698400497437,431.93646240234375,401.094970703125,0.9999411106109619,456.49078369140625,404.587890625,0.99994957447052,479.29681396484375,417.3548278808594,0.9999324083328247,416.86981201171875,311.18035888671875,0.9999946355819702,442.2503967285156,283.4588928222656,0.9999643564224243,471.99261474609375,287.6868896484375,0.9999092817306519,495.3734436035156,336.0687255859375,0.9999762773513794
102,413.7975769042969,405.9451904296875,0.9999754428863525,431.93646240234375,401.094970703125,0.9999469518661499,456.49078369140625,404.5743408203125,0.9999544620513916,479.66082763671875,417.1438903808594,0.9999442100524902,416.86981201171875,311.3295593261719,0.9999899864196777,442.2503967285156,283.4588928222656,0.9999663829803467,472.0706481933594,287.6868896484375,0.9999099969863892,495.3734436035156,336.4974670410156,0.9999643564224243
103,413.7767639160156,406.1810607910156,0.9999699592590332,431.93646240234375,401.8764343261719,0.9999039173126221,456.85498046875,404.587890625,0.999966025352478,480.2476806640625,417.3548278808594,0.9999366998672485,416.86981201171875,311.3295593261719,0.9999916553497314,441.898681640625,283.923583984375,0.9999703168869019,472.0706481933594,288.12969970703125,0.9998878240585327,495.3734436035156,336.82586669921875,0.9999746084213257
104,413.7767639160156,405.8456726074219,0.9999772310256958,432.0051574707031,401.8764343261719,0.9999536275863647,456.91363525390625,404.5743408203125,0.9999433755874634,480.2696838378906,417.3548278808594,0.99994957447052,418.0328369140625,311.3295593261719,0.9999814033508301,442.2503967285156,284.0090637207031,0.9999655485153198,472.0706481933594,288.8217468261719,0.9999179840087891,495.35858154296875,337.0538024902344,0.999972939491272
105,413.7767639160156,405.6905517578125,0.9999703168869019,431.6816101074219,401.37957763671875,0.9999432563781738,456.85498046875,404.32293701171875,0.9999438524246216,480.2696838378906,417.158203125,0.999962329864502,418.46331787109375,311.3295593261719,0.99998939037323,442.29150390625,284.0090637207031,0.9999676942825317,472.0706481933594,288.8217468261719,0.9999511241912842,495.35479736328125,337.0538024902344,0.9999836683273315
106,413.926513671875,406.1810607910156,0.9999717473983765,431.6816101074219,401.8764343261719,0.9998962879180908,456.91363525390625,404.32293701171875,0.9999535083770752,480.2696838378906,417.9522705078125,0.9999481439590454,418.0328369140625,311.3183898925781,0.9999910593032837,442.29150390625,284.0556640625,0.9999741315841675,471.6780090332031,288.8217468261719,0.9999217987060547,495.19622802734375,336.76690673828125,0.9999754428863525
107,414.02960205078125,405.6905517578125,0.9999783039093018,432.0051574707031,401.6335144042969,0.999934196472168,456.91363525390625,404.4550476074219,0.9999241828918457,480.2948913574219,417.9522705078125,0.9999350309371948,418.0328369140625,311.3183898925781,0.9999958276748657,442.3778076171875,284.0556640625,0.9999706745147705,471.6659851074219,289.3095703125,0.9999444484710693,495.0557861328125,336.76690673828125,0.9999743700027466
108,414.3240051269531,405.6905517578125,0.9999409914016724,432.0051574707031,401.6335144042969,0.9999514818191528,456.8890075683594,404.4550476074219,0.9999558925628662,480.2948913574219,417.9522705078125,0.9999533891677856,417.8034973144531,311.3171081542969,0.9999935626983643,442.3778076171875,284.0556640625,0.9999698400497437,471.6780090332031,289.3095703125,0.9999446868896484,495.0557861328125,336.76690673828125,0.9999669790267944
109,414.3240051269531,407.7101745605469,0.9999783039093018,431.8786315917969,403.1884765625,0.9999713897705078,456.8890075683594,405.6277160644531,0.9999594688415527,480.17291259765625,417.9522705078125,0.9999299049377441,417.8034973144531,311.3171081542969,0.9999905824661255,442.29150390625,284.0556640625,0.9999755620956421,471.6780090332031,288.85504150390625,0.9999412298202515,495.0557861328125,336.76690673828125,0.9999755620956421
110,414.7039794921875,407.7101745605469,0.9999431371688843,432.80511474609375,403.1884765625,0.9999393224716187,456.8890075683594,405.6277160644531,0.9999483823776245,480.17291259765625,417.9522705078125,0.9999116659164429,417.8034973144531,311.3171081542969,0.9999903440475464,442.3607482910156,284.0556640625,0.9999680519104004,471.8807678222656,288.9837341308594,0.9999383687973022,494.8979797363281,337.0487976074219,0.9999806880950928
111,414.4496765136719,405.3199768066406,0.9999055862426758,432.3397521972656,401.97674560546875,0.9999382495880127,456.8890075683594,405.9717102050781,0.9999140501022339,479.3824157714844,418.7554016113281,0.999961256980896,418.27545166015625,311.3171081542969,0.9999840259552002,442.3607482910156,284.2386779785156,0.9999713897705078,472.05450439453125,288.9837341308594,0.9999420642852783,494.8979797363281,337.7188415527344,0.9999774694442749
112,414.3240051269531,405.9252624511719,0.9999635219573975,432.3397521972656,402.96661376953125,0.9999648332595825,457.0130920410156,405.9717102050781,0.9999591112136841,479.3824157714844,419.07611083984375,0.9999444484710693,418.27545166015625,310.42840576171875,0.9999974966049194,442.3607482910156,284.2407531738281,0.9999778270721436,472.2345275878906,288.9837341308594,0.9999359846115112,494.8979797363281,337.7188415527344,0.9999741315841675
113,414.2433776855469,405.3199768066406,0.9999784231185913,432.5504455566406,401.97674560546875,0.9999663829803467,457.025390625,405.67620849609375,0.999966025352478,479.7537536621094,418.7554016113281,0.9999587535858154,418.72442626953125,310.32684326171875,0.9999967813491821,442.3607482910156,284.2386779785156,0.9999740123748779,472.2498779296875,288.9997253417969,0.9999392032623291,495.0460205078125,337.6937255859375,0.9999788999557495
114,414.4496765136719,405.3199768066406,0.9999662637710571,433.0601806640625,401.97674560546875,0.9999487400054932,457.025390625,405.67620849609375,0.9999490976333618,480.28289794921875,418.7554016113281,0.9999592304229736,418.72442626953125,310.32684326171875,0.9999924898147583,442.3607482910156,284.2407531738281,0.9999704360961914,472.2498779296875,289.18359375,0.9999219179153442,495.0460205078125,337.6937255859375,0.9999765157699585
115,414.4496765136719,405.9252624511719,0.9999701976776123,432.5504455566406,402.96661376953125,0.9999034404754639,457.025390625,405.85491943359375,0.9999703168869019,480.1713562011719,419.07611083984375,0.9999487400054932,418.72442626953125,310.42840576171875,0.9999971389770508,442.4202880859375,284.27557373046875,0.9999731779098511,472.3465270996094,289.62286376953125,0.9999207258224487,495.1618347167969,337.8095703125,0.9999723434448242
116,414.68212890625,406.9576416015625,0.9999421834945679,432.5504455566406,403.1478576660156,0.9999817609786987,457.2396545410156,405.85491943359375,0.9999372959136963,480.1713562011719,419.4401550292969,0.9999256134033203,418.08209228515625,310.8155822753906,0.9999861717224121,442.36212158203125,284.2407531738281,0.9999645948410034,472.3617248535156,289.5941467285156,0.9999276399612427,495.2373046875,338.0777282714844,0.9999794960021973
117,414.68212890625,406.9576416015625,0.9999490976333618,432.0900573730469,403.1478576660156,0.9999659061431885,457.2396545410156,405.85491943359375,0.9999547004699707,480.28289794921875,419.4401550292969,0.9999616146087646,417.7743835449219,311.0435485839844,0.999995231628418,442.16949462890625,284.27557373046875,0.9999731779098511,472.3465270996094,289.25250244140625,0.9999305009841919,495.1618347167969,338.0777282714844,0.9999790191650391
118,414.8370361328125,408.044189453125,0.9999537467956543,432.0900573730469,403.7019958496094,0.9999655485153198,457.2396545410156,407.3603210449219,0.9999452829360962,480.1713562011719,419.7528991699219,0.9999644756317139,417.7743835449219,311.53131103515625,0.9999905824661255,442.36212158203125,284.27557373046875,0.9999690055847168,472.2821960449219,289.25250244140625,0.9999222755432129,495.2373046875,338.0777282714844,0.999977707862854
119,414.8370361328125,408.044189453125,0.9999628067016602,432.0900573730469,403.1478576660156,0.9999592304229736,456.90142822265625,405.85491943359375,0.9999402761459351,480.1713562011719,419.4401550292969,0.9999449253082275,418.4479064941406,311.53131103515625,0.9999843835830688,442.4202880859375,284.8153076171875,0.999962568283081,472.2821960449219,289.5941467285156,0.9999449253082275,495.2373046875,338.1715087890625,0.9999791383743286
120,414.68212890625,406.9576416015625,0.9999443292617798,432.0900573730469,402.7579650878906,0.9999712705612183,456.90142822265625,405.7887268066406,0.9999386072158813,480.056884765625,418.7945556640625,0.9999372959136963,418.4140319824219,311.53131103515625,0.9999915361404419,442.9042663574219,284.2470397949219,0.9999719858169556,472.2821960449219,289.4700012207031,0.9999402761459351,495.0846252441406,338.1715087890625,0.9999803304672241
121,414.7035217285156,406.94158935546875,0.9999265670776367,432.4127502441406,401.97772216796875,0.9999570846557617,456.90142822265625,404.91717529296875,0.9999560117721558,480.317138671875,418.0439453125,0.9999618530273438,418.4479064941406,311.6070251464844,0.9999910593032837,442.9042663574219,284.42767333984375,0.9999685287475586,472.006103515625,289.4700012207031,0.9999227523803711,495.03369140625,338.248046875,0.9999841451644897
122,414.876220703125,406.8587341308594,0.9999802112579346,432.4127502441406,401.97772216796875,0.9999556541442871,456.90142822265625,404.91717529296875,0.9999668598175049,480.056884765625,417.7958984375,0.9999207258224487,418.4479064941406,311.5757751464844,0.9999959468841553,443.0097961425781,284.42767333984375,0.9999743700027466,472.006103515625,290.15625,0.9999325275421143,494.9302673339844,338.3348388671875,0.999981164932251
123,414.7035217285156,406.8587341308594,0.9999668598175049,432.2709655761719,401.97772216796875,0.99993896484375,456.7581787109375,404.91717529296875,0.9999504089355469,479.0572509765625,417.7958984375,0.9999380111694336,418.4140319824219,311.6070251464844,0.9999933242797852,442.9042663574219,284.890869140625,0.9999697208404541,472.006103515625,290.15625,0.9999498128890991,494.8842468261719,338.6523132324219,0.9999793767929077
124,414.2999267578125,406.8587341308594,0.9999654293060303,431.9859619140625,402.0694580078125,0.9999772310256958,456.71038818359375,405.07171630859375,0.9999678134918213,479.0572509765625,417.7958984375,0.9999457597732544,418.2091979980469,311.6070251464844,0.999990701675415,442.4043273925781,284.9564208984375,0.9999725818634033,471.6571044921875,289.4700012207031,0.9999480247497559,494.8842468261719,338.3348388671875,0.9999814033508301
125,414.2999267578125,407.5103454589844,0.999943733215332,431.9859619140625,402.63043212890625,0.9999561309814453,456.71038818359375,405.4406433105469,0.9999611377716064,480.25518798828125,417.9583740234375,0.9999467134475708,418.0503234863281,311.9654235839844,0.9999876022338867,442.4043273925781,285.2107238769531,0.9999703168869019,471.6571044921875,290.15625,0.9999457597732544,494.9302673339844,338.6523132324219,0.9999837875366211
126,413.6112365722656,408.0172424316406,0.9999626874923706,431.88995361328125,402.9848937988281,0.9999628067016602,456.7061462402344,406.0859375,0.9999347925186157,479.0572509765625,417.9583740234375,0.9999581575393677,418.0503234863281,311.9654235839844,0.9999895095825195,442.4624328613281,285.4000244140625,0.9999715089797974,471.70166015625,290.15625,0.9999573230743408,494.9302673339844,338.6523132324219,0.9999788999557495
127,413.1792907714844,408.38348388671875,0.9999406337738037,431.7556457519531,403.5362548828125,0.9999498128890991,456.7061462402344,406.88787841796875,0.999854326248169,479.1025695800781,419.96783447265625,0.9999501705169678,418.0503234863281,312.27178955078125,0.9999831914901733,442.4624328613281,285.54931640625,0.9999707937240601,472.23541259765625,290.11138916015625,0.9999504089355469,494.9161071777344,338.6523132324219,0.9999808073043823
128,413.1792907714844,408.1729736328125,0.9999504089355469,431.7556457519531,403.58294677734375,0.9999686479568481,456.7061462402344,407.1242370605469,0.9999628067016602,480.22686767578125,420.4089050292969,0.9999732971191406,418.0503234863281,311.9654235839844,0.9999935626983643,442.5680236816406,285.4000244140625,0.9999748468399048,472.0994567871094,290.11138916015625,0.9999178647994995,494.9349060058594,338.45037841796875,0.9999821186065674
129,413.6112365722656,408.3205871582031,0.9999407529830933,431.88995361328125,404.547607421875,0.9999498128890991,456.7323913574219,407.8941345214844,0.9999246597290039,479.1025695800781,421.458984375,0.9999477863311768,418.2940979003906,312.27178955078125,0.9999909400939941,442.5680236816406,285.54931640625,0.999968409538269,472.0994567871094,290.6052551269531,0.999942421913147,494.9349060058594,338.45037841796875,0.9999818801879883
130,413.6112365722656,408.3205871582031,0.9999319314956665,431.7556457519531,403.58294677734375,0.9999648332595825,457.0772399902344,407.1242370605469,0.999929666519165,479.1025695800781,421.458984375,0.9999222755432129,418.2940979003906,312.87335205078125,0.9999915361404419,442.5680236816406,285.4000244140625,0.9999701976776123,472.0994567871094,290.11138916015625,0.9999486207962036,495.03424072265625,338.45037841796875,0.9999806880950928
131,413.2955017089844,408.3205871582031,0.9999363422393799,431.6842346191406,403.58294677734375,0.9999651908874512,457.0772399902344,407.1242370605469,0.9999399185180664,479.6625061035156,421.458984375,0.999940037727356,418.13970947265625,312.87335205078125,0.9999878406524658,442.5680236816406,285.3443603515625,0.9999680519104004,472.0994567871094,290.10260009765625,0.9999492168426514,495.03424072265625,338.45037841796875,0.9999818801879883
132,414.163330078125,408.3205871582031,0.9999316930770874,432.198486328125,403.58294677734375,0.9999368190765381,457.0772399902344,407.1242370605469,0.9999650716781616,479.8723449707031,421.458984375,0.9999494552612305,418.2940979003906,312.87335205078125,0.9999908208847046,442.5655822753906,285.257080078125,0.9999712705612183,472.0994567871094,289.8515930175781,0.9999551773071289,495.1031799316406,338.63922119140625,0.999982476234436
133,413.2955017089844,408.3205871582031,0.9999569654464722,431.8939208984375,404.60894775390625,0.9999570846557617,457.0772399902344,407.8941345214844,0.9999520778656006,479.8723449707031,421.59613037109375,0.9999470710754395,418.2940979003906,312.87335205078125,0.9999864101409912,442.5655822753906,285.3443603515625,0.9999723434448242,472.1302490234375,289.8515930175781,0.9999531507492065,495.0989074707031,338.959716796875,0.9999806880950928
134,413.2955017089844,409.246337890625,0.9999244213104248,431.6842346191406,405.4351806640625,0.999962568283081,456.89239501953125,408.47222900390625,0.9999505281448364,479.8723449707031,422.76416015625,0.9999091625213623,418.2373046875,311.75616455078125,0.9999909400939941,442.5655822753906,285.257080078125,0.9999672174453735,472.1302490234375,289.8515930175781,0.999953031539917,495.0989074707031,338.959716796875,0.9999792575836182
135,413.4268493652344,408.1851501464844,0.9999525547027588,431.8939208984375,405.4351806640625,0.9999396800994873,456.8907470703125,408.47222900390625,0.9999351501464844,479.879150390625,422.76416015625,0.9999278783798218,418.2373046875,311.5688171386719,0.9999938011169434,442.5965881347656,285.3443603515625,0.9999688863754272,472.1302490234375,289.8515930175781,0.9999209642410278,495.0989074707031,338.959716796875,0.9999796152114868
136,413.5650939941406,407.3042297363281,0.999919056892395,432.0307922363281,405.4351806640625,0.9999572038650513,456.8907470703125,408.47222900390625,0.9999202489852905,479.879150390625,422.76416015625,0.9998983144760132,418.2817687988281,311.5272216796875,0.9999945163726807,442.5965881347656,285.3581237792969,0.9999712705612183,472.20037841796875,290.1548767089844,0.9999631643295288,494.87530517578125,338.9887390136719,0.9999822378158569
137,413.5650939941406,407.2422180175781,0.999972939491272,431.98876953125,403.58001708984375,0.9999401569366455,456.8885192871094,406.9842834472656,0.9999558925628662,479.879150390625,419.0677490234375,0.9999420642852783,418.2817687988281,311.0883483886719,0.9999921321868896,442.6902770996094,285.3581237792969,0.9999661445617676,472.4469909667969,290.1548767089844,0.999962568283081,494.87530517578125,339.3070373535156,0.9999828338623047
138,413.7803039550781,407.2422180175781,0.9999641180038452,431.98876953125,403.58001708984375,0.9999648332595825,456.5924072265625,406.9012451171875,0.9999414682388306,479.54437255859375,418.5666198730469,0.99996018409729,418.2817687988281,310.9639892578125,0.9999949932098389,442.5965881347656,285.3581237792969,0.9999737739562988,471.7676696777344,290.1548767089844,0.9999241828918457,494.819580078125,339.3070373535156,0.9999816417694092
139,413.8494873046875,406.6842956542969,0.9999685287475586,432.0307922363281,403.58001708984375,0.9999611377716064,456.51275634765625,406.9012451171875,0.999957799911499,479.54437255859375,418.5666198730469,0.9999538660049438,418.2817687988281,310.9639892578125,0.9999959468841553,442.5965881347656,285.7427978515625,0.9999760389328003,472.3000793457031,290.3777160644531,0.9999508857727051,494.819580078125,339.3139343261719,0.9999814033508301
140,413.7803039550781,406.6842956542969,0.9999583959579468,431.98876953125,403.58001708984375,0.9999614953994751,456.51275634765625,406.9012451171875,0.99993896484375,479.283447265625,418.5666198730469,0.9999618530273438,418.6266784667969,310.9639892578125,0.9999969005584717,442.7225036621094,285.99713134765625,0.9999680519104004,472.3000793457031,290.5452880859375,0.999942421913147,494.9378356933594,339.4338684082031,0.9999815225601196
141,413.7803039550781,406.6842956542969,0.9999644756317139,431.544189453125,403.6642150878906,0.9999674558639526,456.3206787109375,406.9012451171875,0.9999076128005981,479.0401611328125,418.5666198730469,0.9999490976333618,418.6399841308594,312.1800231933594,0.9999889135360718,442.3916931152344,285.99713134765625,0.9999641180038452,472.3000793457031,290.5452880859375,0.9999465942382812,494.9378356933594,339.73101806640625,0.9999792575836182
142,413.7618408203125,407.59765625,0.9999672174453735,431.4771423339844,403.6642150878906,0.9999288320541382,456.24713134765625,406.9012451171875,0.9999641180038452,479.0401611328125,418.5666198730469,0.9999353885650635,418.6266784667969,312.61932373046875,0.9999898672103882,442.25189208984375,285.99713134765625,0.9999610185623169,471.94158935546875,290.5452880859375,0.9999549388885498,494.9378356933594,339.4338684082031,0.9999812841415405
143,413.6037292480469,406.7784729003906,0.9999650716781616,431.3855285644531,402.2694091796875,0.9999493360519409,456.2462463378906,405.0736389160156,0.9999412298202515,478.725341796875,418.493896484375,0.9999653100967407,418.1276550292969,313.0877380371094,0.999991774559021,442.3916931152344,285.8638610839844,0.9999736547470093,471.94158935546875,290.5452880859375,0.9999496936798096,494.9958190917969,339.4338684082031,0.9999796152114868
144,413.6037292480469,406.7784729003906,0.9999632835388184,431.3855285644531,402.22723388671875,0.999958872795105,456.24713134765625,405.0736389160156,0.9999449253082275,478.9081726074219,418.493896484375,0.999934196472168,418.6399841308594,312.61932373046875,0.9999849796295166,442.3916931152344,285.4881896972656,0.999970555305481,471.86962890625,289.91229248046875,0.999957799911499,494.9958190917969,339.3939514160156,0.9999806880950928
145,413.6037292480469,407.59765625,0.9999755620956421,431.135986328125,402.2694091796875,0.9999452829360962,456.2462463378906,405.85699462890625,0.9999598264694214,478.71533203125,419.0926208496094,0.999957799911499,418.1982116699219,312.61932373046875,0.9999932050704956,442.3916931152344,284.82208251953125,0.9999736547470093,471.86962890625,289.3224182128906,0.9999657869338989,494.8910217285156,339.2711181640625,0.999981164932251
146,413.4335021972656,407.3846130371094,0.999976634979248,430.98541259765625,402.2694091796875,0.9999501705169678,456.18646240234375,405.85699462890625,0.9999480247497559,478.5987548828125,419.0926208496094,0.9999485015869141,418.1982116699219,312.37152099609375,0.9999908208847046,442.481689453125,284.82208251953125,0.9999653100967407,471.86962890625,289.3224182128906,0.9999693632125854,494.8652038574219,339.2711181640625,0.9999830722808838
147,413.4335021972656,407.3846130371094,0.9999245405197144,430.9354553222656,403.45965576171875,0.9999696016311646,456.2462463378906,406.3890380859375,0.9999253749847412,478.09136962890625,419.15313720703125,0.9999500513076782,418.3279724121094,312.37152099609375,0.999993085861206,442.58685302734375,285.2666015625,0.9999765157699585,471.6374206542969,289.7033386230469,0.9999470710754395,494.76104736328125,339.2711181640625,0.99997878074646
148,412.5448303222656,407.3846130371094,0.9999597072601318,430.9354553222656,403.533447265625,0.9999572038650513,456.18646240234375,407.98248291015625,0.9999096393585205,477.6662902832031,420.6695556640625,0.9999666213989258,418.888671875,312.37152099609375,0.9999951124191284,442.58685302734375,285.4881896972656,0.9999710321426392,471.8946228027344,289.91229248046875,0.9999489784240723,494.76104736328125,339.3939514160156,0.9999780654907227
149,412.4466552734375,408.2393798828125,0.9999690055847168,430.9354553222656,404.5405578613281,0.9999758005142212,456.0071716308594,408.0776672363281,0.9999362230300903,477.6592712402344,421.0932312011719,0.9999680519104004,418.888671875,311.3451232910156,0.9999872446060181,442.58685302734375,285.2666015625,0.9999685287475586,471.8946228027344,290.11895751953125,0.9999678134918213,494.76104736328125,338.8663024902344,0.9999819993972778
150,412.5448303222656,407.3846130371094,0.9999675750732422,430.9354553222656,403.533447265625,0.9999591112136841,455.9589538574219,407.98248291015625,0.9999215602874756,477.6592712402344,420.6695556640625,0.9999666213989258,418.888671875,312.6587219238281,0.9999892711639404,442.64788818359375,285.51763916015625,0.9999666213989258,471.833251953125,290.44134521484375,0.9999474287033081,494.76104736328125,339.97528076171875,0.9999781847000122
151,412.5448303222656,406.82110595703125,0.9999234676361084,430.9354553222656,403.45965576171875,0.9999493360519409,455.89227294921875,406.8323059082031,0.9999217987060547,477.6662902832031,420.2777099609375,0.9999772310256958,419.09393310546875,312.7278747558594,0.9999939203262329,442.58685302734375,285.51763916015625,0.9999710321426392,471.833251953125,290.44134521484375,0.999962329864502,494.88140869140625,339.97528076171875,0.9999816417694092
152,412.5448303222656,406.7996826171875,0.9999735355377197,430.9801940917969,402.3757629394531,0.999962568283081,455.89227294921875,406.8323059082031,0.9999551773071289,477.5865478515625,420.2777099609375,0.9999583959579468,419.09393310546875,312.7278747558594,0.9999885559082031,442.7890930175781,285.45391845703125,0.9999586343765259,471.833251953125,290.44134521484375,0.9999661445617676,494.88140869140625,339.97528076171875,0.999980092048645
153,412.1795959472656,406.7996826171875,0.9999814033508301,430.81915283203125,402.3757629394531,0.9999592304229736,455.89227294921875,406.8323059082031,0.999924898147583,477.56170654296875,420.2777099609375,0.9999443292617798,419.1432800292969,311.64776611328125,0.9999889135360718,442.7890930175781,285.45391845703125,0.9999701976776123,471.7880859375,290.44134521484375,0.9999465942382812,494.88140869140625,339.6114807128906,0.99997878074646
154,412.0052185058594,406.7861633300781,0.9999785423278809,430.4271240234375,402.3757629394531,0.999974250793457,455.6415710449219,406.0718994140625,0.9999675750732422,477.247314453125,419.4903564453125,0.9999752044677734,419.3718566894531,312.3665466308594,0.9999936819076538,442.7890930175781,285.45391845703125,0.9999690055847168,471.833251953125,290.7121887207031,0.999958872795105,494.88140869140625,339.6114807128906,0.9999803304672241
155,412.0052185058594,406.7861633300781,0.9998965263366699,429.85009765625,402.420654296875,0.9999607801437378,455.4696350097656,406.8323059082031,0.9998980760574341,477.19647216796875,420.2777099609375,0.9999712705612183,419.43585205078125,312.0662841796875,0.9999938011169434,442.66632080078125,285.45391845703125,0.999968409538269,471.8771057128906,290.73272705078125,0.9999555349349976,494.9249267578125,339.6114807128906,0.9999803304672241
156,411.23870849609375,406.7861633300781,0.9999649524688721,429.2492980957031,402.420654296875,0.9999673366546631,454.24078369140625,406.0609130859375,0.9999637603759766,476.9283752441406,419.6553955078125,0.9999769926071167,419.3718566894531,312.0662841796875,0.9999905824661255,442.66632080078125,285.5931091308594,0.9999690055847168,471.8771057128906,290.73272705078125,0.999956488609314,494.7799987792969,339.4277648925781,0.9999803304672241
157,411.0274353027344,405.8426208496094,0.9999794960021973,428.8094482421875,402.420654296875,0.9999779462814331,454.17889404296875,406.2907409667969,0.9999576807022095,476.5794677734375,420.81689453125,0.9999580383300781,419.3718566894531,312.0662841796875,0.9999939203262329,442.66632080078125,285.5931091308594,0.9999688863754272,472.1893310546875,290.73272705078125,0.9999449253082275,494.9249267578125,339.4277648925781,0.9999786615371704
158,411.23870849609375,405.6968688964844,0.9999819993972778,428.8094482421875,401.9758605957031,0.9999734163284302,453.5203857421875,406.0609130859375,0.9999743700027466,476.2319641113281,419.6553955078125,0.9999804496765137,418.9487609863281,312.0662841796875,0.9999850988388062,442.3850402832031,285.41937255859375,0.9999681711196899,472.1893310546875,290.7121887207031,0.9999415874481201,494.7532958984375,339.3658447265625,0.999982476234436
159,411.23870849609375,404.6847839355469,0.9999798536300659,428.5956726074219,401.24517822265625,0.9999806880950928,453.4197082519531,405.5317077636719,0.9999600648880005,476.16119384765625,419.6553955078125,0.999984860420227,418.7452392578125,311.4814453125,0.9999934434890747,442.3850402832031,285.397216796875,0.9999697208404541,472.20263671875,290.0439453125,0.9999485015869141,494.6927795410156,339.4277648925781,0.999980092048645
160,411.0274353027344,404.4932861328125,0.9999812841415405,428.48211669921875,401.04229736328125,0.9999643564224243,452.3990783691406,405.02960205078125,0.9999872446060181,474.97125244140625,419.03277587890625,0.9999333620071411,417.76171875,311.4804992675781,0.9999920129776001,442.3850402832031,284.90826416015625,0.9999723434448242,472.6817626953125,289.509765625,0.999946117401123,494.6413879394531,339.27777099609375,0.999984860420227
161,408.27166748046875,404.4932861328125,0.9999760389328003,425.6781921386719,400.5048828125,0.9999649524688721,451.53973388671875,403.6502685546875,0.9999706745147705,474.1379089355469,417.4817810058594,0.99997878074646,417.76171875,311.43310546875,0.9999957084655762,442.9955749511719,284.107177734375,0.9999688863754272,473.0522155761719,288.602783203125,0.9999257326126099,494.4930725097656,338.5236511230469,0.9999812841415405
162,405.8992004394531,403.17926025390625,0.9999836683273315,423.7625427246094,399.7916259765625,0.9998944997787476,448.60736083984375,402.81036376953125,0.9999604225158691,471.8694763183594,415.9602966308594,0.9999480247497559,417.1858215332031,310.57037353515625,0.999992847442627,442.8387451171875,284.07861328125,0.9999697208404541,473.1864013671875,288.1750793457031,0.9999173879623413,494.4059753417969,338.3939514160156,0.9999816417694092
163,403.39678955078125,399.13104248046875,0.9999710321426392,422.8992919921875,394.2950439453125,0.9999184608459473,447.2747497558594,398.6297607421875,0.9999456405639648,471.04766845703125,412.2904052734375,0.9999666213989258,417.10223388671875,309.05023193359375,0.999996542930603,442.8387451171875,284.07861328125,0.9999724626541138,473.6952209472656,287.3917236328125,0.9999107122421265,494.39739990234375,337.1265563964844,0.9999768733978271
164,402.3514709472656,397.989990234375,0.9999878406524658,420.98370361328125,394.2565612792969,0.9999716281890869,445.6454772949219,397.34423828125,0.9999675750732422,469.42041015625,410.85150146484375,0.9999676942825317,417.10223388671875,308.19586181640625,0.9999964237213135,442.9955749511719,283.1112365722656,0.9999685287475586,473.8371276855469,286.80120849609375,0.9999061822891235,493.94512939453125,336.6405334472656,0.9999767541885376
165,399.3097839355469,394.9053955078125,0.9999476671218872,417.65789794921875,391.69476318359375,0.9999414682388306,442.7927551269531,395.7015686035156,0.9999469518661499,466.61663818359375,410.5830078125,0.999967098236084,417.1858215332031,307.8226623535156,0.9999837875366211,442.9955749511719,280.9516906738281,0.9999713897705078,473.98492431640625,285.7062072753906,0.9998812675476074,493.94512939453125,336.3802185058594,0.9999730587005615
166,398.127197265625,392.1806640625,0.9999613761901855,417.6371154785156,388.6006774902344,0.9999659061431885,441.6496887207031,392.8961486816406,0.9999271631240845,464.3363342285156,409.6025695800781,0.9998713731765747,417.2643127441406,305.5823059082031,0.9999935626983643,442.9881591796875,279.8802490234375,0.9999854564666748,474.3720703125,285.1797790527344,0.9998831748962402,493.9360656738281,335.9985656738281,0.9999610185623169
167,395.5897216796875,389.09234619140625,0.9999866485595703,413.3990173339844,386.1625671386719,0.9999538660049438,438.7532958984375,391.6221008300781,0.9998648166656494,462.8533020019531,407.7973937988281,0.9998679161071777,417.83868408203125,303.80499267578125,0.9999879598617554,443.09027099609375,279.6229248046875,0.999984860420227,474.3720703125,284.2869567871094,0.9998986721038818,493.9360656738281,334.835205078125,0.999931812286377
168,393.7933349609375,387.939453125,0.9999730587005615,411.63616943359375,385.0561218261719,0.9999003410339355,435.58270263671875,388.7102966308594,0.9998534917831421,461.950439453125,407.4421691894531,0.9998626708984375,417.9523620605469,299.3814697265625,0.9999879598617554,443.5813293457031,278.26373291015625,0.9999905824661255,474.3720703125,283.9075012207031,0.9998897314071655,494.91912841796875,334.2430725097656,0.9999164342880249
169,393.4080810546875,383.0019836425781,0.9998984336853027,410.95989990234375,380.2055358886719,0.9999362230300903,435.3436584472656,384.3502197265625,0.9998471736907959,461.185546875,401.778564453125,0.9999079704284668,419.754150390625,296.2288513183594,0.999987006187439,445.5132751464844,277.8917236328125,0.9999892711639404,473.5260314941406,282.048828125,0.9999085664749146,495.4403381347656,333.6022644042969,0.999946117401123
170,393.4080810546875,381.90997314453125,0.999920129776001,410.95989990234375,379.07879638671875,0.9998831748962402,435.0040588378906,383.2535095214844,0.9997591376304626,460.4150695800781,401.086181640625,0.9999397993087769,421.0917663574219,293.306640625,0.999996542930603,446.62506103515625,274.7502746582031,0.9999847412109375,473.5260314941406,281.79498291015625,0.9999408721923828,496.9654235839844,333.1082458496094,0.9999635219573975
171,393.7933349609375,379.7713928222656,0.9999650716781616,411.63616943359375,378.15802001953125,0.9996769428253174,435.0040588378906,383.1690673828125,0.9995775818824768,460.4150695800781,401.0094299316406,0.9999529123306274,423.1088562011719,290.40350341796875,0.9999924898147583,448.1795349121094,272.44378662109375,0.9999290704727173,473.5260314941406,281.4393005371094,0.9999324083328247,499.5914611816406,332.2424011230469,0.9999724626541138
172,395.028564453125,374.4252624511719,0.9999598264694214,412.5259094238281,373.1034240722656,0.9999716281890869,435.0040588378906,377.9359130859375,0.9998728036880493,460.4150695800781,396.4863586425781,0.9999043941497803,425.2768859863281,284.92767333984375,0.9999675750732422,453.44287109375,269.9583740234375,0.9999804496765137,476.2489929199219,278.79376220703125,0.9999475479125977,503.75054931640625,329.87969970703125,0.9999375343322754
173,395.4991760253906,372.5124816894531,0.9999649524688721,414.0177307128906,371.18511962890625,0.9999372959136963,439.24932861328125,377.781982421875,0.9997169375419617,462.059814453125,395.3450012207031,0.9998722076416016,428.7251281738281,281.051513671875,0.9999665021896362,457.2122802734375,266.90740966796875,0.9999450445175171,480.81488037109375,275.215576171875,0.9999794960021973,508.5677185058594,325.22308349609375,0.9999749660491943
174,400.0387878417969,364.7571105957031,0.9999380111694336,417.1915283203125,364.2418518066406,0.999964714050293,441.21826171875,371.22491455078125,0.9998062252998352,465.9036865234375,390.615234375,0.9999157190322876,432.55615234375,272.40966796875,0.9999818801879883,463.773681640625,259.6185607910156,0.9999605417251587,487.7499694824219,269.259765625,0.9999690055847168,514.4957275390625,320.8606872558594,0.9999901056289673
175,406.125244140625,358.0517578125,0.9999755620956421,422.90216064453125,357.36859130859375,0.9999346733093262,448.05035400390625,364.9620056152344,0.9997428059577942,473.255859375,384.8781433105469,0.9999127388000488,439.1171569824219,265.4649658203125,0.9999827146530151,471.81011962890625,253.85435485839844,0.9999537467956543,496.8414611816406,265.0743713378906,0.9999603033065796,519.667724609375,316.0890808105469,0.9999680519104004
176,413.292724609375,353.05560302734375,0.999972939491272,430.41827392578125,351.5552673339844,0.9999226331710815,455.7016296386719,359.5975646972656,0.9998859167098999,479.70916748046875,378.4106140136719,0.9998975992202759,443.9053955078125,257.7165832519531,0.9999920129776001,476.3594055175781,246.87147521972656,0.9999854564666748,505.3520812988281,258.88909912109375,0.9999668598175049,526.3445434570312,310.0042724609375,0.9999707937240601
177,419.779296875,342.2756652832031,0.9999868869781494,435.93670654296875,342.6435546875,0.9999876022338867,461.0904846191406,350.5594482421875,0.9998708963394165,484.5362243652344,373.0252380371094,0.9999381303787231,452.555419921875,248.5442352294922,0.9999881982803345,486.6761169433594,239.02886962890625,0.9999631643295288,515.7412719726562,252.5894012451172,0.9999860525131226,534.2421875,305.29827880859375,0.9999850988388062
178,428.9626159667969,331.0182800292969,0.9999377727508545,446.4998474121094,333.3363342285156,0.9999232292175293,470.60101318359375,342.05950927734375,0.9999339580535889,494.8486633300781,363.5860900878906,0.9998633861541748,461.7088317871094,240.11392211914062,0.9999701976776123,494.3910827636719,231.0896759033203,0.9999850988388062,522.2660522460938,246.57241821289062,0.9999550580978394,541.0723876953125,296.82952880859375,0.9998865127563477
179,437.43707275390625,326.4221496582031,0.9999837875366211,457.2454833984375,329.01715087890625,0.9999277591705322,479.7359924316406,336.204833984375,0.9998853206634521,502.6138000488281,355.38287353515625,0.9999246597290039,471.5547790527344,229.9984130859375,0.9999918937683105,505.9649353027344,222.86009216308594,0.9999333620071411,532.9000244140625,239.04403686523438,0.9999810457229614,549.5175170898438,290.0003662109375,0.999984622001648
180,445.3618469238281,320.2840576171875,0.9999538660049438,465.2077941894531,320.9851989746094,0.9999651908874512,489.03973388671875,328.9024353027344,0.9999114274978638,512.9378051757812,349.3285217285156,0.9999616146087646,481.0547180175781,223.04132080078125,0.9999825954437256,516.7804565429688,212.91305541992188,0.9999791383743286,543.1163330078125,233.33737182617188,0.9999176263809204,559.5171508789062,283.8306579589844,0.9999613761901855
181,454.58245849609375,312.5953063964844,0.9999386072158813,473.90313720703125,315.50732421875,0.9999369382858276,496.8686828613281,325.97332763671875,0.9999473094940186,519.55126953125,347.04901123046875,0.9999380111694336,489.5357666015625,212.18228149414062,0.9999901056289673,524.6168212890625,204.44000244140625,0.9999558925628662,552.9329833984375,225.64329528808594,0.9999630451202393,567.51416015625,279.09527587890625,0.9999585151672363
182,464.1010437011719,307.4109191894531,0.9999573230743408,485.84423828125,309.42120361328125,0.9999727010726929,508.4492492675781,318.4298095703125,0.9999582767486572,529.3261108398438,338.1365051269531,0.9999696016311646,499.3194580078125,205.11724853515625,0.9999926090240479,537.0790405273438,197.39125061035156,0.9999698400497437,564.3750610351562,220.1298828125,0.9999896287918091,577.660888671875,271.50457763671875,0.999956488609314
183,473.8790588378906,300.4519348144531,0.999897837638855,492.7715148925781,303.7815856933594,0.9999191761016846,514.3187255859375,313.270263671875,0.9999091625213623,537.3461303710938,334.3257141113281,0.9999072551727295,506.7796936035156,200.86843872070312,0.9999728202819824,546.8365478515625,190.7947235107422,0.999975323677063,573.6045532226562,215.2053985595703,0.999963641166687,585.2774658203125,267.3130187988281,0.9999438524246216
184,481.56622314453125,292.7225646972656,0.9999827146530151,500.9591979980469,294.25445556640625,0.9999879598617554,523.0362548828125,304.2906494140625,0.9999353885650635,544.30517578125,327.0704650878906,0.9999402761459351,515.8321533203125,192.54403686523438,0.9999903440475464,553.1829223632812,185.274658203125,0.9999244213104248,579.85595703125,207.38975524902344,0.9999849796295166,594.1378784179688,262.4302673339844,0.999976634979248
185,488.42938232421875,289.6815185546875,0.9999610185623169,506.77978515625,292.9145812988281,0.9999793767929077,528.15771484375,303.1537170410156,0.9999096393585205,550.7389526367188,325.28741455078125,0.9999560117721558,521.0087280273438,185.4102783203125,0.9999628067016602,556.0640258789062,179.6808624267578,0.9999793767929077,583.56201171875,202.66867065429688,0.999977707862854,599.628662109375,259.3807373046875,0.9999645948410034
186,491.5018310546875,285.6810607910156,0.9999350309371948,512.1320190429688,287.7422790527344,0.999946117401123,533.721435546875,296.65472412109375,0.9999327659606934,555.8348388671875,319.19342041015625,0.9999041557312012,524.8391723632812,179.1731719970703,0.9999911785125732,556.6495361328125,173.634033203125,0.9999524354934692,584.8662109375,195.90606689453125,0.9999750852584839,605.8629760742188,252.6343536376953,0.9999020099639893
187,498.2214050292969,277.3498229980469,0.9999731779098511,519.5791625976562,279.7091979980469,0.9999345541000366,540.058837890625,289.3512268066406,0.999950647354126,561.4803466796875,310.0815734863281,0.9999547004699707,528.319580078125,173.80679321289062,0.9999825954437256,556.966064453125,168.46937561035156,0.9999740123748779,585.0093383789062,187.88941955566406,0.999933123588562,609.8421630859375,247.74502563476562,0.9999650716781616
188,501.3577575683594,276.3562927246094,0.9999819993972778,521.5580444335938,279.3359680175781,0.9999638795852661,542.3460693359375,287.4609680175781,0.9999363422393799,564.4700317382812,308.90704345703125,0.9999645948410034,531.2311401367188,169.23085021972656,0.9999842643737793,558.2549438476562,163.36668395996094,0.9999916553497314,587.028076171875,180.8286895751953,0.9999486207962036,610.8681640625,242.9205780029297,0.9999819993972778
189,506.43682861328125,275.3497314453125,0.9999817609786987,524.0704345703125,277.4554748535156,0.9999827146530151,546.5846557617188,286.1878662109375,0.999943733215332,570.6574096679688,308.40142822265625,0.9999639987945557,531.5281372070312,169.23085021972656,0.9999868869781494,558.3216552734375,158.76280212402344,0.9999518394470215,587.9235229492188,174.65480041503906,0.9999017715454102,613.029296875,238.1510772705078,0.9999860525131226
190,509.77362060546875,275.3497314453125,0.9999487400054932,527.8438110351562,277.4554748535156,0.9999653100967407,549.7491455078125,285.76251220703125,0.9999281167984009,573.6775512695312,306.9848937988281,0.9998986721038818,532.8603515625,168.80934143066406,0.999997615814209,558.7518920898438,157.53453063964844,0.9999704360961914,590.8165283203125,170.57064819335938,0.9999258518218994,613.6024169921875,235.72775268554688,0.9999889135360718
191,510.9525451660156,275.3497314453125,0.9999784231185913,529.2485961914062,277.4554748535156,0.9999915361404419,549.860107421875,285.76251220703125,0.9999412298202515,575.5953979492188,306.2904357910156,0.9999510049819946,532.86865234375,168.80934143066406,0.9999914169311523,558.7518920898438,157.53453063964844,0.9999778270721436,591.353515625,170.57064819335938,0.9999576807022095,614.0219116210938,235.0035858154297,0.9999876022338867
192,512.7266235351562,277.06573486328125,0.9999781847000122,532.3602294921875,277.5138854980469,0.9999914169311523,554.046142578125,286.1878662109375,0.9999721050262451,578.6828002929688,306.2904357910156,0.999970555305481,533.1921997070312,169.3574981689453,0.9999953508377075,559.0819091796875,157.53453063964844,0.9999567270278931,591.353515625,170.57064819335938,0.9999145269393921,614.0560913085938,235.0035858154297,0.9999830722808838
193,514.9039916992188,277.2414855957031,0.9999887943267822,532.7127075195312,278.7928771972656,0.9999914169311523,554.4225463867188,286.3210754394531,0.9999551773071289,578.83984375,306.9848937988281,0.9999785423278809,533.2894287109375,171.48428344726562,0.9999940395355225,559.0819091796875,159.24969482421875,0.9999661445617676,591.353515625,170.5857391357422,0.9999500513076782,614.1865844726562,235.0035858154297,0.999984622001648
194,516.62060546875,278.1668701171875,0.9999915361404419,533.5772705078125,279.9975891113281,0.99998939037323,555.0533447265625,288.54150390625,0.9999352693557739,579.0799560546875,310.12725830078125,0.9999531507492065,533.465576171875,172.719482421875,0.9999948740005493,559.0819091796875,159.24969482421875,0.9999417066574097,591.3048706054688,171.5408172607422,0.9999200105667114,614.60595703125,235.48712158203125,0.9999849796295166
195,517.697509765625,279.7187805175781,0.9999819993972778,534.04736328125,282.0086975097656,0.999977707862854,555.8739013671875,290.585693359375,0.9999725818634033,581.194091796875,310.9017333984375,0.9999616146087646,533.2894287109375,173.695068359375,0.9999939203262329,559.0819091796875,159.32778930664062,0.9999551773071289,590.78564453125,172.49868774414062,0.9999474287033081,614.5955810546875,235.8027801513672,0.9999876022338867
196,517.697509765625,280.8547058105469,0.9999707937240601,534.1737060546875,282.56939697265625,0.9999538660049438,556.5507202148438,290.6792907714844,0.9999651908874512,581.194091796875,311.79248046875,0.9999363422393799,533.2894287109375,174.36602783203125,0.9999946355819702,559.14892578125,159.57696533203125,0.99997878074646,590.3021240234375,174.1222686767578,0.9999065399169922,614.1865844726562,236.35415649414062,0.9999898672103882
197,518.7266235351562,281.6044616699219,0.9999430179595947,534.5592041015625,282.56939697265625,0.9999558925628662,556.6620483398438,291.7729187011719,0.9999686479568481,581.6328735351562,312.61346435546875,0.9999313354492188,533.113037109375,174.9084014892578,0.9999945163726807,559.6493530273438,159.68148803710938,0.9999829530715942,590.3021240234375,174.1222686767578,0.9999109506607056,614.1865844726562,236.70216369628906,0.9999834299087524
198,519.395751953125,281.80157470703125,0.9999845027923584,535.44775390625,282.64483642578125,0.9999624490737915,556.7434692382812,291.7729187011719,0.9999603033065796,581.8248291015625,312.61346435546875,0.9999754428863525,532.7020874023438,177.1632537841797,0.9999948740005493,560.1029052734375,161.8448486328125,0.9999878406524658,590.29833984375,174.477783203125,0.9999151229858398,613.0216064453125,237.1040496826172,0.9999871253967285
199,519.395751953125,281.80157470703125,0.9999561309814453,535.44775390625,282.9063720703125,0.9999582767486572,556.7434692382812,292.1129150390625,0.9999809265136719,581.9534912109375,313.3147277832031,0.9999016523361206,532.7020874023438,177.1632537841797,0.999992847442627,560.1029052734375,161.8448486328125,0.9999688863754272,590.1439208984375,174.48696899414062,0.9999532699584961,612.9856567382812,237.2870635986328,0.9999852180480957
200,520.3869018554688,282.02301025390625,0.9999029636383057,537.1156616210938,283.2370910644531,0.9999619722366333,558.8526000976562,292.45440673828125,0.9999510049819946,582.4293212890625,314.2038269042969,0.9998915195465088,533.113037109375,175.77691650390625,0.9999963045120239,560.1491088867188,161.47994995117188,0.9999830722808838,590.1439208984375,174.48696899414062,0.999909520149231,612.9856567382812,237.1040496826172,0.9999866485595703
201,521.114501953125,282.02301025390625,0.9999796152114868,537.3717041015625,284.2109680175781,0.9999674558639526,559.0859985351562,292.75091552734375,0.9999257326126099,583.0125122070312,314.3007507324219,0.9999148845672607,533.1635131835938,174.9084014892578,0.9999884366989136,560.1491088867188,161.0389404296875,0.9999727010726929,592.1365356445312,174.9306640625,0.9998886585235596,612.9856567382812,237.1040496826172,0.9999856948852539
202,521.114501953125,282.30987548828125,0.9999220371246338,537.1156616210938,285.1102294921875,0.9999628067016602,559.0859985351562,293.5789489746094,0.9999678134918213,583.9200439453125,315.9879455566406,0.9999333620071411,533.3973388671875,175.77691650390625,0.9999910593032837,560.1029052734375,161.0389404296875,0.9999799728393555,592.8933715820312,176.068359375,0.999964714050293,613.0216064453125,237.0161895751953,0.9999866485595703
203,521.135498046875,282.30987548828125,0.9999339580535889,536.9039916992188,285.1102294921875,0.9999476671218872,559.0859985351562,294.1297912597656,0.99992835521698,583.4962158203125,316.2837829589844,0.9999189376831055,534.104248046875,174.94400024414062,0.9999933242797852,559.7993774414062,160.5115203857422,0.9999816417694092,592.8933715820312,176.6963653564453,0.9999611377716064,613.461181640625,237.0161895751953,0.9999889135360718
204,521.135498046875,283.460205078125,0.9999531507492065,537.5109252929688,285.1102294921875,0.9999573230743408,559.8320922851562,294.1297912597656,0.9999715089797974,583.4962158203125,316.2837829589844,0.9998873472213745,533.9613647460938,174.94400024414062,0.9999939203262329,559.7993774414062,160.5115203857422,0.9999746084213257,593.088134765625,176.9599151611328,0.9999734163284302,613.461181640625,237.0161895751953,0.9999887943267822
205,521.135498046875,283.460205078125,0.9999055862426758,538.1856079101562,285.1102294921875,0.9999475479125977,560.3607177734375,294.1297912597656,0.9999457597732544,584.2542724609375,316.2837829589844,0.9999445676803589,533.9613647460938,176.40843200683594,0.9999935626983643,559.2553100585938,161.0389404296875,0.9999780654907227,593.088134765625,176.9599151611328,0.9999693632125854,613.461181640625,237.0161895751953,0.9999866485595703
206,521.3468017578125,283.1185302734375,0.9999244213104248,537.807861328125,285.1102294921875,0.9999228715896606,559.8320922851562,294.23675537109375,0.9999301433563232,583.7416381835938,316.7962646484375,0.9999352693557739,534.0309448242188,176.40843200683594,0.9999963045120239,559.7993774414062,160.8970947265625,0.9999887943267822,593.0865478515625,177.00315856933594,0.9999750852584839,613.461181640625,237.2024688720703,0.9999899864196777
207,521.486328125,282.9197998046875,0.999932050704956,538.1856079101562,284.26800537109375,0.9999653100967407,560.4451293945312,294.23675537109375,0.9999663829803467,583.7416381835938,316.7962646484375,0.9999003410339355,534.104248046875,176.40843200683594,0.9999895095825195,559.7993774414062,162.24205017089844,0.9999867677688599,593.088134765625,177.08596801757812,0.9999796152114868,613.0342407226562,237.2024688720703,0.9999860525131226
208,521.486328125,282.9197998046875,0.9999253749847412,538.4536743164062,284.26800537109375,0.999944806098938,560.76318359375,292.62445068359375,0.9998713731765747,584.8560180664062,315.83770751953125,0.9998650550842285,534.2547607421875,177.18426513671875,0.9999915361404419,559.4011840820312,162.24205017089844,0.999977707862854,593.284912109375,177.22328186035156,0.9999736547470093,613.0342407226562,237.865234375,0.9999889135360718
209,522.4984741210938,282.69342041015625,0.9999347925186157,538.4536743164062,284.06805419921875,0.9999740123748779,561.3401489257812,292.62445068359375,0.9999679327011108,584.9301147460938,315.83770751953125,0.9998651742935181,534.3187255859375,177.18426513671875,0.9999970197677612,559.4011840820312,161.60025024414062,0.999985933303833,593.284912109375,177.22328186035156,0.9999854564666748,613.0011596679688,237.865234375,0.9999879598617554
210,522.4984741210938,282.69342041015625,0.9999068975448608,538.3766479492188,284.26800537109375,0.9999496936798096,561.3401489257812,292.7140808105469,0.9999758005142212,584.9301147460938,315.1920471191406,0.9998422861099243,534.3187255859375,178.1656036376953,0.999991774559021,559.8703002929688,161.60025024414062,0.9999804496765137,593.0865478515625,178.39434814453125,0.999977707862854,612.8804321289062,237.865234375,0.9999860525131226
211,522.4984741210938,282.9197998046875,0.9999004602432251,538.3766479492188,284.26800537109375,0.9999699592590332,561.3401489257812,292.7140808105469,0.9999498128890991,585.3646850585938,315.1920471191406,0.9998574256896973,534.3187255859375,178.1656036376953,0.9999942779541016,559.8703002929688,161.60025024414062,0.9999856948852539,593.284912109375,178.39434814453125,0.9999755620956421,612.8804321289062,237.51177978515625,0.9999867677688599
212,522.4984741210938,283.0600891113281,0.9999284744262695,538.3766479492188,284.7694091796875,0.9999665021896362,560.445068359375,292.9115295410156,0.9999396800994873,585.4840087890625,315.33428955078125,0.9998574256896973,534.6211547851562,178.12327575683594,0.9999964237213135,560.16943359375,161.52676391601562,0.9999865293502808,592.9550170898438,178.10848999023438,0.9999715089797974,612.8033447265625,237.7384033203125,0.9999887943267822
213,522.1735229492188,284.3588562011719,0.9999370574951172,538.3766479492188,284.839111328125,0.9999512434005737,560.445068359375,293.4417419433594,0.9999346733093262,585.6871337890625,315.7654113769531,0.9998784065246582,534.6211547851562,178.12327575683594,0.9999878406524658,560.16943359375,161.60025024414062,0.9999765157699585,592.8824462890625,178.10848999023438,0.9999823570251465,612.8033447265625,237.7384033203125,0.9999890327453613
214,522.1735229492188,284.3588562011719,0.9999334812164307,539.5733032226562,284.839111328125,0.9999656677246094,560.445068359375,293.7412109375,0.9999426603317261,585.5812377929688,315.33428955078125,0.9998763799667358,534.1286010742188,178.12327575683594,0.9999922513961792,560.16943359375,162.21701049804688,0.9999876022338867,592.8824462890625,178.10848999023438,0.9999815225601196,612.8033447265625,237.7384033203125,0.9999884366989136
215,522.1735229492188,284.3588562011719,0.9999270439147949,539.5733032226562,284.839111328125,0.9999462366104126,560.6213989257812,293.99603271484375,0.9999334812164307,585.5812377929688,315.7654113769531,0.9998888969421387,534.1286010742188,178.12327575683594,0.9999953508377075,560.16943359375,162.4888458251953,0.9999909400939941,592.8824462890625,178.10848999023438,0.9999754428863525,612.9951782226562,237.7384033203125,0.9999839067459106
216,522.630859375,284.3588562011719,0.999947190284729,539.5733032226562,284.839111328125,0.9999479055404663,560.6213989257812,293.99603271484375,0.9999799728393555,585.8272094726562,316.0944519042969,0.9998753070831299,534.1286010742188,178.12327575683594,0.9999964237213135,560.5531616210938,162.4888458251953,0.999988317489624,592.8824462890625,178.10848999023438,0.9999696016311646,613.0628051757812,238.05706787109375,0.9999880790710449
217,522.630859375,285.3899841308594,0.9999110698699951,538.49267578125,287.0154113769531,0.9999814033508301,560.7816772460938,295.58038330078125,0.9998699426651001,585.9570922851562,316.5097351074219,0.9998890161514282,534.1286010742188,178.26895141601562,0.9999960660934448,560.5531616210938,162.4888458251953,0.9999849796295166,592.7420654296875,178.412353515625,0.9999717473983765,613.0628051757812,238.26588439941406,0.9999861717224121
218,522.630859375,284.56689453125,0.9999324083328247,538.49267578125,285.21978759765625,0.9999711513519287,560.7816772460938,294.3467712402344,0.9999508857727051,586.3455200195312,316.5097351074219,0.9999262094497681,533.9915161132812,178.26895141601562,0.9999926090240479,560.5531616210938,162.4888458251953,0.9999880790710449,592.5140380859375,178.412353515625,0.9999834299087524,613.0628051757812,238.26588439941406,0.9999885559082031
219,522.630859375,285.3899841308594,0.9999442100524902,538.49267578125,287.0154113769531,0.9999533891677856,560.7816772460938,296.4528503417969,0.9999065399169922,586.3455200195312,316.8399658203125,0.9999140501022339,534.3087768554688,178.26895141601562,0.9999961853027344,559.6444702148438,162.23858642578125,0.9999858140945435,592.7420654296875,178.330078125,0.9999728202819824,613.2197875976562,238.2925262451172,0.999985933303833
220,522.8101806640625,284.56689453125,0.9999313354492188,539.1517333984375,285.21978759765625,0.9999611377716064,561.16796875,294.3467712402344,0.9999568462371826,586.3455200195312,316.8399658203125,0.9999055862426758,534.64599609375,178.57774353027344,0.999994158744812,559.81298828125,162.23858642578125,0.9999908208847046,592.5140380859375,177.95382690429688,0.9999618530273438,613.2197875976562,238.61083984375,0.9999833106994629
221,522.8477783203125,285.3899841308594,0.9999043941497803,539.1517333984375,287.0154113769531,0.9999666213989258,562.1168212890625,295.1623229980469,0.9999459981918335,585.4469604492188,317.376708984375,0.9999105930328369,534.5875854492188,178.57774353027344,0.9999959468841553,559.81298828125,162.2183837890625,0.999982476234436,592.5140380859375,178.330078125,0.9999837875366211,613.6289672851562,238.67457580566406,0.9999855756759644
222,522.8101806640625,285.9996032714844,0.9999457597732544,539.1517333984375,287.36346435546875,0.9999589920043945,562.1168212890625,295.1623229980469,0.999980092048645,585.3679809570312,317.376708984375,0.9998703002929688,534.5875854492188,178.57774353027344,0.9999964237213135,559.6493530273438,163.05291748046875,0.9999827146530151,592.2716674804688,178.330078125,0.9999570846557617,613.6289672851562,238.67457580566406,0.999988317489624
223,522.8101806640625,285.9996032714844,0.9999226331710815,539.0182495117188,287.36346435546875,0.9999650716781616,561.16796875,295.1623229980469,0.9999620914459229,585.3679809570312,317.376708984375,0.9999251365661621,534.680419921875,180.14772033691406,0.9999943971633911,559.81298828125,163.39517211914062,0.9999849796295166,593.4771728515625,179.0538330078125,0.9999880790710449,613.286376953125,238.8292236328125,0.999981164932251
224,522.3148193359375,285.9996032714844,0.9999200105667114,539.0182495117188,287.36346435546875,0.9999591112136841,561.6585083007812,295.1623229980469,0.9999145269393921,585.4469604492188,316.3179931640625,0.9998512268066406,534.680419921875,180.3690185546875,0.9999961853027344,559.81298828125,163.39517211914062,0.9999879598617554,592.2716674804688,179.0538330078125,0.9999738931655884,613.225341796875,238.8292236328125,0.999984860420227
225,522.3148193359375,285.9996032714844,0.9999136924743652,539.0182495117188,287.36346435546875,0.9999761581420898,561.6585083007812,295.1623229980469,0.999958872795105,585.4469604492188,316.3179931640625,0.9997879862785339,534.5875854492188,180.14772033691406,0.9999964237213135,559.6493530273438,163.65093994140625,0.9999616146087646,593.1889038085938,179.0538330078125,0.999983549118042,613.286376953125,239.29327392578125,0.9999862909317017
226,522.091552734375,285.6639709472656,0.9999274015426636,539.0182495117188,286.12664794921875,0.9999692440032959,560.7846069335938,294.6727294921875,0.9999464750289917,585.1827392578125,316.3179931640625,0.9999270439147949,534.422607421875,180.2608642578125,0.9999963045120239,559.6493530273438,163.65093994140625,0.9999918937683105,593.040771484375,179.17523193359375,0.9999786615371704,613.286376953125,238.8292236328125,0.9999876022338867
227,522.091552734375,285.64031982421875,0.9999363422393799,538.9200439453125,286.12664794921875,0.9999669790267944,560.7846069335938,294.6727294921875,0.9999792575836182,585.1827392578125,316.3179931640625,0.9998972415924072,534.2906494140625,180.14772033691406,0.9999970197677612,559.2214965820312,163.38589477539062,0.9999926090240479,593.040771484375,179.0695343017578,0.9999842643737793,613.6660766601562,238.8292236328125,0.9999880790710449
228,522.5999145507812,285.6639709472656,0.9999397993087769,538.7689819335938,286.12664794921875,0.9999651908874512,561.6585083007812,294.6727294921875,0.9999724626541138,585.1827392578125,316.7418212890625,0.9999302625656128,534.2906494140625,180.04940795898438,0.9999977350234985,559.2214965820312,163.38589477539062,0.9999880790710449,592.54931640625,178.85226440429688,0.9999849796295166,613.6660766601562,239.03790283203125,0.9999852180480957
229,522.5999145507812,285.64031982421875,0.9999364614486694,538.1123657226562,286.12664794921875,0.9999575614929199,560.7846069335938,294.6727294921875,0.9999598264694214,584.4609985351562,316.956298828125,0.9998472929000854,534.1636962890625,180.04940795898438,0.9999972581863403,559.6574096679688,163.65093994140625,0.999990701675415,593.013671875,179.0695343017578,0.9999489784240723,613.6660766601562,240.44888305664062,0.9999879598617554
230,522.4632568359375,285.64031982421875,0.9999322891235352,538.0599365234375,286.50054931640625,0.9999631643295288,560.55859375,295.3462219238281,0.9999536275863647,584.072021484375,317.94525146484375,0.9999083280563354,534.2906494140625,180.04940795898438,0.9999974966049194,560.3247680664062,162.9951171875,0.999980092048645,592.54931640625,179.0695343017578,0.9999797344207764,613.5159912109375,240.08277893066406,0.9999821186065674
231,522.4632568359375,285.79278564453125,0.9999094009399414,538.0599365234375,287.7059020996094,0.9999433755874634,560.55859375,295.8708190917969,0.9998829364776611,584.072021484375,318.6913146972656,0.9998227953910828,534.2906494140625,179.9764404296875,0.9999967813491821,559.6574096679688,163.18637084960938,0.9999909400939941,591.8623657226562,179.0695343017578,0.9999796152114868,613.5159912109375,240.40679931640625,0.9999852180480957
232,521.66796875,286.9135437011719,0.9999438524246216,537.8948974609375,288.05462646484375,0.9999792575836182,560.8394775390625,296.7268371582031,0.999890923500061,584.072021484375,318.9404296875,0.9999207258224487,534.1796264648438,179.9764404296875,0.9999958276748657,559.7656860351562,163.18637084960938,0.9999842643737793,592.452392578125,178.984130859375,0.999983549118042,613.3602905273438,240.08277893066406,0.9999837875366211
233,521.6195678710938,288.0990295410156,0.9999185800552368,537.851806640625,289.46875,0.9999603033065796,560.5565795898438,297.16033935546875,0.9999241828918457,584.072021484375,318.9404296875,0.9998031258583069,534.1796264648438,179.6077423095703,0.9999983310699463,559.7656860351562,163.16249084472656,0.999990701675415,591.8623657226562,179.16082763671875,0.9999582767486572,613.3602905273438,240.40679931640625,0.9999860525131226
234,521.2006225585938,288.0990295410156,0.9999572038650513,537.784912109375,289.46875,0.9999760389328003,560.5565795898438,297.16033935546875,0.9999146461486816,584.1672973632812,318.8554992675781,0.9998884201049805,534.1796264648438,179.6077423095703,0.9999971389770508,559.7656860351562,163.16249084472656,0.9999897480010986,591.8623657226562,179.16082763671875,0.9999793767929077,613.1614379882812,240.40679931640625,0.9999760389328003
235,521.6195678710938,286.9135437011719,0.9999586343765259,537.784912109375,288.05462646484375,0.9999738931655884,560.5565795898438,295.903076171875,0.999863862991333,584.65966796875,318.6913146972656,0.9999212026596069,534.1796264648438,179.9764404296875,0.9999954700469971,559.576416015625,163.18637084960938,0.9999850988388062,591.3676147460938,179.16082763671875,0.9999697208404541,612.8564453125,240.40679931640625,0.9999855756759644
236,521.2006225585938,286.6482849121094,0.9999210834503174,537.635498046875,286.9162902832031,0.9999220371246338,560.1941528320312,296.8832702636719,0.9999200105667114,584.65966796875,318.8554992675781,0.9999023675918579,534.8701171875,180.2748260498047,0.999997615814209,559.694580078125,163.2683868408203,0.9999899864196777,592.452392578125,179.16082763671875,0.9999781847000122,612.7069702148438,239.95704650878906,0.9999904632568359
237,521.2006225585938,286.6482849121094,0.9999063014984131,537.635498046875,286.9162902832031,0.9999570846557617,560.1258544921875,296.8832702636719,0.9999555349349976,584.7000732421875,318.8554992675781,0.9998354911804199,534.8701171875,180.34390258789062,0.999996542930603,559.576416015625,164.30006408691406,0.9999887943267822,592.4406127929688,179.35281372070312,0.9999704360961914,612.7069702148438,239.95704650878906,0.999984860420227
238,521.2006225585938,286.6482849121094,0.9999431371688843,537.635498046875,286.9162902832031,0.9999459981918335,560.1258544921875,296.8832702636719,0.9998894929885864,584.65966796875,319.52587890625,0.999864935874939,534.8701171875,180.34390258789062,0.9999954700469971,559.576416015625,164.30006408691406,0.9999809265136719,592.4406127929688,179.60704040527344,0.9999785423278809,612.8564453125,239.8402099609375,0.9999867677688599
239,521.5587768554688,287.31243896484375,0.9999440908432007,537.8506469726562,289.12884521484375,0.9999662637710571,560.1941528320312,297.47039794921875,0.9998900890350342,584.475830078125,319.52587890625,0.9999346733093262,534.8701171875,180.34390258789062,0.999997615814209,559.694580078125,163.95787048339844,0.999987006187439,592.1494750976562,179.60704040527344,0.9999828338623047,612.7069702148438,239.8402099609375,0.9999792575836182
240,520.8736572265625,287.31243896484375,0.9999051094055176,537.635498046875,289.461669921875,0.9999783039093018,560.0247192382812,298.31488037109375,0.999915599822998,584.248779296875,319.7419128417969,0.9998317956924438,534.8798217773438,180.34390258789062,0.9999972581863403,559.7172241210938,164.30006408691406,0.9999901056289673,592.1494750976562,179.7078857421875,0.9999741315841675,612.7069702148438,239.8402099609375,0.9999827146530151
241,520.8147583007812,287.6150207519531,0.9999463558197021,537.1978149414062,289.60382080078125,0.9999756813049316,560.3821411132812,298.3302917480469,0.9998910427093506,584.248779296875,319.52587890625,0.9998489618301392,534.7329711914062,180.40660095214844,0.9999970197677612,559.7172241210938,164.30006408691406,0.9999876022338867,591.9187622070312,180.82444763183594,0.9999608993530273,613.4473266601562,239.8402099609375,0.9999899864196777
242,521.5587768554688,287.6150207519531,0.9999606609344482,537.8506469726562,289.60382080078125,0.9999274015426636,560.4041748046875,298.31488037109375,0.9998798370361328,584.248779296875,319.4940490722656,0.9998970031738281,534.7329711914062,180.40660095214844,0.9999971389770508,560.2951049804688,163.95787048339844,0.999976634979248,591.9187622070312,181.36795043945312,0.9999606609344482,613.4473266601562,240.80374145507812,0.9999911785125732
243,522.000732421875,288.0312194824219,0.999941349029541,537.8506469726562,289.63018798828125,0.9999557733535767,560.4041748046875,298.3302917480469,0.9998795986175537,583.8934326171875,319.4940490722656,0.9998962879180908,534.6785888671875,180.47824096679688,0.9999934434890747,560.3247680664062,164.69764709472656,0.9999902248382568,591.512939453125,181.8749237060547,0.999957799911499,613.4473266601562,240.8089599609375,0.9999849796295166
244,520.8147583007812,288.9690246582031,0.999946117401123,537.3714599609375,289.71954345703125,0.9999829530715942,560.4041748046875,298.3433837890625,0.9999462366104126,583.485107421875,319.9588928222656,0.9998989105224609,534.7329711914062,181.03172302246094,0.999996542930603,560.4298706054688,164.7670440673828,0.9999774694442749,591.512939453125,181.83291625976562,0.9999678134918213,613.4473266601562,240.8089599609375,0.9999891519546509
245,520.8147583007812,288.9690246582031,0.9999765157699585,537.3714599609375,289.71954345703125,0.9999881982803345,560.4041748046875,298.3302917480469,0.999932050704956,583.158203125,319.4940490722656,0.9998832941055298,534.6785888671875,181.03172302246094,0.9999972581863403,560.3247680664062,164.69764709472656,0.9999804496765137,591.1490478515625,181.36795043945312,0.9999499320983887,613.4473266601562,240.8089599609375,0.9999904632568359
246,520.8021240234375,288.0312194824219,0.9999542236328125,537.3714599609375,289.71954345703125,0.9999632835388184,559.88720703125,296.711181640625,0.9998685121536255,582.7879028320312,317.097900390625,0.9999558925628662,534.5358276367188,180.47824096679688,0.9999960660934448,560.3247680664062,163.95709228515625,0.9999837875366211,590.8338623046875,181.36795043945312,0.9999604225158691,613.1980590820312,240.8089599609375,0.9999933242797852
